1
0
2
1
1
1
1
1
4
4
4
4
4
5
5
5
5
5
6
6
6
4
5
16
15
17
16
16
16
16
16
19
19
19
19
20
21
22
22
23
23
22
24
20
23
19
20
19
32
31
33
32
32
32
32
32
35
35
35
35
35
37
37
37
37
37
36
36
36
36
36
36
38
38
38
38
38
38
35
37
51
52
51
51
51
51
51
54
54
54
54
54
54
55
55
55
55
55
55
56
56
56
56
56
56
50
50
65
64
66
65
65
65
65
65
72
71
73
72
72
72
72
72
75
75
75
75
75
76
77
77
77
77
77
75
77
86
85
87
86
86
86
86
86
89
89
89
89
89
89
90
90
90
90
90
91
91
91
91
91
91
92
92
92
92
92
92
90
105
104
106
105
105
105
105
105
108
108
108
108
108
109
109
109
109
109
108
109
110
110
110
110
110
110
111
111
111
112
112
113
113
114
114
113
114
112
129
128
130
129
129
129
129
129
132
132
132
132
132
132
133
133
134
135
136
137
134
135
134
135
136
137
136
137
138
138
138
133
149
148
150
149
149
149
149
149
152
152
152
152
152
153
153
153
153
153
152
153
154
154
154
154
154
154
155
155
155
156
156
157
157
158
158
157
158
156
173
172
174
173
173
173
173
173
176
176
176
176
176
176
177
177
177
177
177
178
178
178
178
178
178
179
179
179
179
179
179
177
192
191
193
192
192
192
192
192
195
195
195
195
195
196
195
203
204
203
203
203
203
203
206
206
206
206
206
206
207
207
207
207
207
207
208
208
208
208
208
208
202
202
217
216
218
217
217
217
217
220
220
220
220
220
220
217
227
226
228
227
227
227
227
230
230
230
230
230
230
227
237
236
238
237
237
237
237
237
240
240
240
240
240
241
241
241
241
241
240
241
242
242
242
242
242
242
243
243
243
244
244
245
245
246
246
245
246
244
261
260
262
261
261
261
261
261
264
264
264
264
264
264
265
265
265
267
267
267
275
274
276
275
275
275
275
275
278
278
278
278
278
280
280
280
280
280
279
279
279
279
279
279
281
281
281
281
281
281
278
280
294
293
295
294
294
294
294
294
297
297
297
297
297
297
298
298
298
298
298
299
299
299
299
299
299
300
300
300
300
300
300
298
313
312
314
313
313
313
313
313
316
316
316
316
316
317
317
317
317
317
318
318
318
316
317
328
327
329
328
328
328
328
328
331
331
331
331
331
331
332
332
332
332
332
332
333
333
333
334
333
333
333
334
334
334
334
334
335
335
335
335
335
335
350
349
351
350
350
350
350
350
353
353
353
353
354
355
356
356
357
357
356
358
354
357
353
354
353
366
365
367
366
366
366
366
366
369
369
369
369
369
370
369
377
376
378
377
377
377
377
377
380
380
380
380
380
380
381
381
381
381
381
382
382
382
382
382
382
383
383
383
383
383
383
381
396
395
397
396
396
396
396
396
399
399
399
399
399
399
400
400
400
408
407
409
408
408
408
408
411
411
411
411
411
411
408
418
417
419
418
418
418
418
418
421
421
421
421
421
422
421
429
428
430
429
429
429
429
429
432
432
432
432
432
433
433
433
433
433
434
434
436
436
436
432
433
434
446
445
447
446
446
446
446
446
453
452
454
453
453
453
453
453
456
456
456
456
456
457
458
458
458
458
458
456
458
467
466
468
467
467
467
467
470
470
470
470
470
470
467
477
476
478
477
477
477
477
477
480
480
480
480
480
481
482
482
482
482
482
480
482
491
490
492
491
491
491
491
491
498
499
498
498
498
498
498
501
501
501
501
501
501
502
502
502
502
502
502
503
503
503
503
503
503
497
497
512
511
513
512
512
512
512
512
515
515
515
515
515
516
516
516
516
516
515
516
517
517
517
517
517
517
518
518
518
519
519
520
520
521
521
520
521
519
536
535
537
536
536
536
536
536
543
542
544
543
543
543
543
543
546
546
546
546
546
548
548
548
548
548
547
547
547
547
547
547
549
549
549
549
549
549
546
548
562
561
563
562
562
562
562
562
565
565
565
565
565
565
566
566
567
568
569
570
567
568
567
568
569
570
569
570
571
571
571
566
582
581
583
582
582
582
582
582
585
585
585
585
585
586
587
587
587
587
587
585
587
596
595
597
596
596
596
596
596
599
599
599
599
599
599
600
600
600
600
600
600
601
601
601
602
601
601
601
602
602
602
602
602
603
603
603
603
603
603
618
617
619
618
618
618
618
618
621
621
621
621
621
622
622
622
622
622
623
623
623
621
622
633
632
634
633
633
633
633
633
636
636
636
636
636
636
637
637
637
645
644
646
645
645
645
645
648
648
648
648
648
648
645
655
654
656
655
655
655
655
655
658
658
658
658
658
658
659
659
659
659
659
660
660
660
660
660
660
661
661
661
661
661
661
659
674
673
675
674
674
674
674
674
677
677
677
677
677
677
678
678
678
678
678
678
679
679
679
680
679
679
679
680
680
680
680
680
681
681
681
681
681
681
696
695
697
696
696
696
696
696
699
699
699
699
699
699
700
700
700
700
700
701
701
701
701
701
701
702
702
702
702
702
702
700
715
714
716
715
715
715
715
715
718
718
718
718
718
718
719
719
719
720
720
720
719
719
719
720
720
720
731
730
732
731
731
731
731
731
734
734
734
734
734
735
735
735
735
735
736
736
738
738
738
734
735
736
748
747
749
748
748
748
748
748
751
751
751
751
751
751
752
752
752
752
752
753
753
753
753
753
753
754
754
754
754
754
754
752
767
766
768
767
767
767
767
767
770
770
770
770
770
770
771
771
771
771
771
771
772
772
772
773
772
772
772
773
773
773
773
773
774
774
774
774
774
774
789
788
790
789
789
789
789
789
792
792
792
792
792
793
793
793
793
793
794
794
796
796
796
792
793
794
806
805
807
806
806
806
806
806
809
809
809
809
809
810
811
811
811
811
811
809
811
820
819
821
820
820
820
820
820
827
826
828
827
827
827
827
827
830
830
830
830
830
830
831
831
831
831
831
831
832
832
832
833
832
832
832
833
833
833
833
833
834
834
834
834
834
834
849
848
850
849
849
849
849
849
852
852
852
852
852
854
854
854
854
854
853
853
853
853
853
853
855
855
855
855
855
855
852
854
868
867
869
868
868
868
868
868
871
871
871
871
871
871
872
872
872
872
872
873
873
873
873
873
873
874
874
874
874
874
874
872
887
886
888
887
887
887
887
887
890
890
890
890
890
891
891
891
891
891
892
892
892
890
891
902
901
903
902
902
902
902
902
905
905
905
905
906
907
908
908
909
909
908
910
906
909
905
906
905
918
917
919
918
918
918
918
918
921
921
921
921
922
923
924
924
925
925
924
926
922
925
921
922
921
934
933
935
934
934
934
934
934
937
937
937
937
938
939
940
940
941
941
940
942
938
941
937
938
937
2
17
33
52
66
73
87
106
130
150
174
193
204
218
228
238
262
276
295
314
329
351
367
378
397
409
419
430
447
454
468
478
492
499
513
537
544
563
583
597
619
634
646
656
675
697
716
732
749
768
790
807
821
828
850
869
888
903
919
2
17
33
52
66
73
87
106
130
150
174
193
204
218
228
238
262
276
295
314
329
351
367
378
397
409
419
430
447
454
468
478
492
499
513
537
544
563
583
597
619
634
646
656
675
697
716
732
749
768
790
807
821
828
850
869
888
903
919
15
31
64
71
85
104
128
148
172
191
216
226
236
260
274
293
312
327
349
365
376
395
407
417
428
445
452
466
476
490
511
535
542
561
581
595
617
632
644
654
673
695
714
730
747
766
788
805
819
826
848
867
886
901
917
933
15
31
50
64
71
85
104
128
148
172
191
202
216
226
236
260
274
293
312
327
349
365
376
395
407
417
428
445
452
466
476
490
497
511
535
542
561
581
595
617
632
644
654
673
695
714
730
747
766
788
805
819
826
848
867
886
901
917
933
