1.9401210877278667
1.9992883059641964
2.102307395748057
1.8820078157595734
1.8881829081689776
1.9291522422926377
1.922995677939511
1.900343201807055
1.9014185660668084
1.901445795943338
1.9014150474081544
1.9014470951638334
1.867576613984556
1.903513189750492
1.903535801752891
1.9035088811809528
1.903535203578391
1.8675739720191082
2.077588290895024
2.060330296346068
2.1447690061563223
1.9867865031727212
1.9788713894216325
1.9380623572698406
1.9977531724529527
2.102141565118849
1.8845729937749
1.889133262307012
1.9274980554920527
1.9228617583591854
1.9010082357448082
1.902357954671627
1.9023817131143164
1.9023748144071264
1.902399246259109
2.1407462886607047
1.904118082765931
2.205995230319334
1.8712203058735435
2.1941491981004377
1.8948936304770274
2.206000077133541
1.8986853421915797
1.8553441815839202
2.19415532223425
1.9832709987569401
2.2860355740544103
1.8675760379235973
1.9149224814183756
1.9974173193407607
2.1034523484988723
1.8922416236985833
1.9056825706844414
1.9432688668222537
1.9299887382685592
1.8769107496305202
1.8935067303146333
1.928111885213325
1.932152409344045
1.8875209889901954
1.8834634257467462
1.9111566337464205
1.9111300273760985
1.9111343827583926
1.9101922488961023
1.9101068738283213
1.900824146200548
1.900849288015511
1.9891631189765973
1.9008287802620936
1.9008032227266467
1.8675754551105623
1.9111310573354332
1.9111309988328538
1.9111290229994642
1.9101927070276912
1.9101078857613094
1.9101068180123422
1.9375414708180605
1.9101074264748965
1.9667610952168018
2.098211390916204
1.9544208291622789
1.8253487039097676
1.8023663962452248
1.9349659688082324
1.9861653760447315
1.9439034967649367
1.943929749414293
1.9439039673789575
1.9439321209045362
1.8675765134729483
1.8223488144535238
1.839618775443262
1.9395521833969958
1.939586282298857
1.9395459239961437
1.9395744473028822
1.8675747769250748
1.9502737059568278
1.9503033039658768
1.8675770834947008
1.797352877063219
1.9502797583921914
1.9502990073638666
1.9521013689908457
2.234021442552742
1.9755990618966306
1.9990943783088884
2.1032570047555175
1.9043744744409337
1.904342167335915
1.9044052452009579
1.9043659980882781
1.8675767470144073
1.93198286205058
1.9980997540235577
2.103007725067543
1.8772744190184874
1.9031742490928223
1.9404874569735895
1.9154342803235478
1.8950432312602452
1.9408565182150674
1.9064064585965605
1.8924596584134614
1.9258511575668669
1.890782779918726
1.911176123957469
1.9111716095458877
1.9111387010606486
1.911130642486006
1.9101931815976092
1.9101083018263052
1.907880351468016
1.9101066095680663
1.934814913005145
1.9986704082902607
2.1016575078880053
1.8853917982302053
1.8934341018399898
1.9280139572615653
1.920136406186962
1.90129627117287
1.8909265763678373
1.890949159259996
2.026345116740384
1.8909392404274534
1.890954702508221
1.8675750276342322
1.9271035579066418
1.9317726136092301
1.8923554411230716
1.8928282094017588
1.8879203341277009
1.9111475325432215
1.911135536913737
1.911136905279246
1.910193728832035
1.9101073318695503
1.9101073663496573
1.9111542003279547
1.9111330585243893
1.9111279640746197
1.910193752632872
1.910108420829016
1.9101084333175153
1.9315564237182905
1.936759865583895
1.9989210942306979
2.1028421136527418
1.883650774684687
1.8914037285919565
1.9297676524485399
1.922122213904121
1.899359236325688
1.901365839772438
1.9014015635800412
1.9013679783020234
1.9013920231831751
1.8675746691833977
1.9108513377885528
1.9108756927230859
1.9108528521673436
1.9108771760655874
1.8675762107228053
1.986967094840823
1.950858002529919
1.9495027930467483
1.9112551810664347
1.9112859239405493
1.9112503223236827
1.9112823494888573
1.8675771086858084
2.052906097511685
2.177410972032697
2.0528995461449684
2.105366002914769
2.089227106418843
2.0943851213948763
2.094383820356277
2.09438671061375
2.0943860660695464
2.0944141403788428
2.094410617420455
2.0882650051320453
1.9329386813183733
1.9976114732215215
2.1032290793118693
1.8862717469529666
1.8937066321717826
1.929868209283229
1.922459762583133
1.8977434892355094
1.9015028599702788
1.90155736412997
1.9015081875532738
1.9015294992102745
1.8675756719152778
1.9865033313901537
2.107461537013707
2.103809342771466
2.107834727934672
2.1082155114839267
2.0926262397531326
2.093005265653817
2.0876729696143426
2.0874825646050557
2.087675220635905
2.087483017044471
2.0952798331704416
2.095090575275247
2.09528473622535
2.09508869122494
2.0929087377941533
2.095149726489167
2.0951362688563417
2.070936486290369
1.936759865583895
1.9989210942306979
2.1028421136527418
1.883650774684687
1.8914037285919565
1.9297676524485399
1.922122213904121
1.899359236325688
1.901365839772438
1.9014015635800412
1.9013679783020234
1.9013920231831751
1.8675746691833977
1.9108513377885528
1.9108756927230859
1.9108528521673436
1.9108771760655874
1.8675762107228053
1.986967094840823
1.950858002529919
1.9495027930467483
1.9112551810664347
1.9112859239405493
1.9112503223236827
1.9112823494888573
1.8675771086858084
2.052906097511685
2.177410972032697
2.0528995461449684
2.105366002914769
2.089227106418843
2.0943851213948763
2.094383820356277
2.09438671061375
2.0943860660695464
2.0944141403788428
2.094410617420455
2.0882650051320453
1.934814913005145
1.9986704082902607
2.1016575078880053
1.8853917982302053
1.8934341018399898
1.9280139572615653
1.920136406186962
1.90129627117287
1.8909265763678373
1.890949159259996
2.026345116740384
1.8909392404274534
1.890954702508221
1.8675750276342322
1.9271035579066418
1.9317726136092301
1.8923554411230716
1.8928282094017588
1.8879203341277009
1.9111475325432215
1.911135536913737
1.911136905279246
1.910193728832035
1.9101073318695503
1.9101073663496573
1.9111542003279547
1.9111330585243893
1.9111279640746197
1.910193752632872
1.910108420829016
1.9101084333175153
1.9315564237182905
1.94148760082075
1.998522569609
2.102469672050811
1.8795145941386617
1.891050762722569
1.9285483203242533
1.9173454514649808
1.9052287779816122
1.9151924586059788
1.9152110898650432
1.9342838440910024
1.9152269312444872
1.9152592439945568
1.9111574740068182
1.867576786033304
1.9667610952168018
2.098211390916204
1.9544208291622789
1.8253487039097676
1.8023663962452248
1.9349659688082324
1.9861653760447315
1.9439034967649367
1.943929749414293
1.9439039673789575
1.9439321209045362
1.8675765134729483
1.8223488144535238
1.839618775443262
1.9395521833969958
1.939586282298857
1.9395459239961437
1.9395744473028822
1.8675747769250748
1.9502737059568278
1.9503033039658768
1.8675770834947008
1.797352877063219
1.9502797583921914
1.9502990073638666
1.9521013689908457
2.234021442552742
1.9383779237430916
1.9994140283805601
2.1031600947751197
1.8852397621497547
1.8874747602440924
1.9268260890874422
1.9246260143884597
1.9111343782054067
1.9111303740829322
1.9111291749788444
1.9101923366122164
1.9101099184294377
1.9101081806589912
1.900207173694827
1.9383779237430916
1.9994140283805601
2.1031600947751197
1.8852397621497547
1.8874747602440924
1.9268260890874422
1.9246260143884597
1.9111343782054067
1.9111303740829322
1.9111291749788444
1.9101923366122164
1.9101099184294377
1.9101081806589912
1.900207173694827
1.936759865583895
1.9989210942306979
2.1028421136527418
1.883650774684687
1.8914037285919565
1.9297676524485399
1.922122213904121
1.899359236325688
1.901365839772438
1.9014015635800412
1.9013679783020234
1.9013920231831751
1.8675746691833977
1.9108513377885528
1.9108756927230859
1.9108528521673436
1.9108771760655874
1.8675762107228053
1.986967094840823
1.950858002529919
1.9495027930467483
1.9112551810664347
1.9112859239405493
1.9112503223236827
1.9112823494888573
1.8675771086858084
2.052906097511685
2.177410972032697
2.0528995461449684
2.105366002914769
2.089227106418843
2.0943851213948763
2.094383820356277
2.09438671061375
2.0943860660695464
2.0944141403788428
2.094410617420455
2.0882650051320453
1.9459451665579557
1.997581549678832
2.102001937475271
1.8794683004268606
1.881221245345849
1.9287157247958242
1.9268672718399897
1.900393935851164
1.9664249215302612
1.9067840139108299
1.9068103410274497
1.9067863082721437
1.9068101829002346
1.8675767172373117
2.1101450767626457
2.0324448048491677
2.13988718163262
2.094374226865459
2.094365789773228
2.0944141196609225
1.9149224814183756
1.9974173193407607
2.1034523484988723
1.8922416236985833
1.9056825706844414
1.9432688668222537
1.9299887382685592
1.8769107496305202
1.8935067303146333
1.928111885213325
1.932152409344045
1.8875209889901954
1.8834634257467462
1.9111566337464205
1.9111300273760985
1.9111343827583926
1.9101922488961023
1.9101068738283213
1.900824146200548
1.900849288015511
1.9891631189765973
1.9008287802620936
1.9008032227266467
1.8675754551105623
1.9111310573354332
1.9111309988328538
1.9111290229994642
1.9101927070276912
1.9101078857613094
1.9101068180123422
1.9375414708180605
1.9101074264748965
1.934814913005145
1.9986704082902607
2.1016575078880053
1.8853917982302053
1.8934341018399898
1.9280139572615653
1.920136406186962
1.90129627117287
1.8909265763678373
1.890949159259996
2.026345116740384
1.8909392404274534
1.890954702508221
1.8675750276342322
1.9271035579066418
1.9317726136092301
1.8923554411230716
1.8928282094017588
1.8879203341277009
1.9111475325432215
1.911135536913737
1.911136905279246
1.910193728832035
1.9101073318695503
1.9101073663496573
1.9111542003279547
1.9111330585243893
1.9111279640746197
1.910193752632872
1.910108420829016
1.9101084333175153
1.9315564237182905
1.9401210877278667
1.9992883059641964
2.102307395748057
1.8820078157595734
1.8881829081689776
1.9291522422926377
1.922995677939511
1.900343201807055
1.9014185660668084
1.901445795943338
1.9014150474081544
1.9014470951638334
1.867576613984556
1.903513189750492
1.903535801752891
1.9035088811809528
1.903535203578391
1.8675739720191082
2.077588290895024
2.060330296346068
2.1447690061563223
1.9867865031727212
1.9788713894216325
1.9379625093711277
1.9981382541405477
2.102707525428677
1.8831222278029625
1.890324581062455
1.9291431314285061
1.9220727934263804
1.900289323784318
1.9893511946193134
1.9007442406133745
1.9007878322424285
1.9007420711900909
1.9007736496397527
1.8675751085179024
1.9115492081050443
1.91157524504472
1.9482049355652402
1.9115510983604833
1.9115750118563681
1.867574526219395
1.911363197378439
1.911402398734824
1.948920559918787
1.9504698400682965
1.91136733513875
1.9113950335726961
1.8675748953028546
1.9110221870008948
1.9110459903440544
1.911016551600761
1.911041878355878
1.8675775357402615
1.9111313589301155
1.9111308984714868
1.9111294814075506
1.9101902543913967
1.9101082055016574
1.9101082591662863
1.9380623572698406
1.9977531724529527
2.102141565118849
1.8845729937749
1.889133262307012
1.9274980554920527
1.9228617583591854
1.9010082357448082
1.902357954671627
1.9023817131143164
1.9023748144071264
1.902399246259109
2.1407462886607047
1.904118082765931
2.205995230319334
1.8712203058735435
2.1941491981004377
1.8948936304770274
2.206000077133541
1.8986853421915797
1.8553441815839202
2.19415532223425
1.9832709987569401
2.2860355740544103
1.8675760379235973
1.94148760082075
1.998522569609
2.102469672050811
1.8795145941386617
1.891050762722569
1.9285483203242533
1.9173454514649808
1.9052287779816122
1.9151924586059788
1.9152110898650432
1.9342838440910024
1.9152269312444872
1.9152592439945568
1.9111574740068182
1.867576786033304
1.934814913005145
1.9986704082902607
2.1016575078880053
1.8853917982302053
1.8934341018399898
1.9280139572615653
1.920136406186962
1.90129627117287
1.8909265763678373
1.890949159259996
2.026345116740384
1.8909392404274534
1.890954702508221
1.8675750276342322
1.9271035579066418
1.9317726136092301
1.8923554411230716
1.8928282094017588
1.8879203341277009
1.9111475325432215
1.911135536913737
1.911136905279246
1.910193728832035
1.9101073318695503
1.9101073663496573
1.9111542003279547
1.9111330585243893
1.9111279640746197
1.910193752632872
1.910108420829016
1.9101084333175153
1.9315564237182905
1.9376555963629116
1.9981015044271024
2.1023919036751044
1.8838681153679853
1.8894146709688115
1.9292024351325872
1.9237652396197504
1.8990979337168679
1.9738712186134308
1.9048348159132125
1.9048596671113236
1.9048366040313014
1.9048599138909421
1.8675744671368846
2.081156728962676
2.0585623401785
2.1428190790257635
1.9383779237430916
1.9994140283805601
2.1031600947751197
1.8852397621497547
1.8874747602440924
1.9268260890874422
1.9246260143884597
1.9111343782054067
1.9111303740829322
1.9111291749788444
1.9101923366122164
1.9101099184294377
1.9101081806589912
1.900207173694827
1.94148760082075
1.998522569609
2.102469672050811
1.8795145941386617
1.891050762722569
1.9285483203242533
1.9173454514649808
1.9052287779816122
1.9151924586059788
1.9152110898650432
1.9342838440910024
1.9152269312444872
1.9152592439945568
1.9111574740068182
1.867576786033304
1.9384726318664767
1.9991555386403257
2.102221018237199
1.8825012123538722
1.8902572786539495
1.9295500868337387
1.921939598585245
1.900238009648066
1.9017241211269027
1.9017485153990201
1.9017502539055697
1.9017482341890812
1.8675745066873088
1.9062875605824254
1.9063515110973466
1.9062879797248036
1.906311255891748
1.8675749397953376
2.032352341314017
2.139322184897769
2.094386531475188
2.094402376104581
2.094412069386598
1.9856344850948084
1.9683145164093965
2.110957562218212
1.9755990618966306
1.9990943783088884
2.1032570047555175
1.9043744744409337
1.904342167335915
1.9044052452009579
1.9043659980882781
1.8675767470144073
1.93198286205058
1.9980997540235577
2.103007725067543
1.8772744190184874
1.9031742490928223
1.9404874569735895
1.9154342803235478
1.8950432312602452
1.9408565182150674
1.9064064585965605
1.8924596584134614
1.9258511575668669
1.890782779918726
1.911176123957469
1.9111716095458877
1.9111387010606486
1.911130642486006
1.9101931815976092
1.9101083018263052
1.907880351468016
1.9101066095680663
1.9383779237430916
1.9994140283805601
2.1031600947751197
1.8852397621497547
1.8874747602440924
1.9268260890874422
1.9246260143884597
1.9111343782054067
1.9111303740829322
1.9111291749788444
1.9101923366122164
1.9101099184294377
1.9101081806589912
1.900207173694827
1.93198286205058
1.9980997540235577
2.103007725067543
1.8772744190184874
1.9031742490928223
1.9404874569735895
1.9154342803235478
1.8950432312602452
1.9408565182150674
1.9064064585965605
1.8924596584134614
1.9258511575668669
1.890782779918726
1.911176123957469
1.9111716095458877
1.9111387010606486
1.911130642486006
1.9101931815976092
1.9101083018263052
1.907880351468016
1.9101066095680663
1.9755990618966306
1.9990943783088884
2.1032570047555175
1.9043744744409337
1.904342167335915
1.9044052452009579
1.9043659980882781
1.8675767470144073
1.9667610952168018
2.098211390916204
1.9544208291622789
1.8253487039097676
1.8023663962452248
1.9349659688082324
1.9861653760447315
1.9439034967649367
1.943929749414293
1.9439039673789575
1.9439321209045362
1.8675765134729483
1.8223488144535238
1.839618775443262
1.9395521833969958
1.939586282298857
1.9395459239961437
1.9395744473028822
1.8675747769250748
1.9502737059568278
1.9503033039658768
1.8675770834947008
1.797352877063219
1.9502797583921914
1.9502990073638666
1.9521013689908457
2.234021442552742
1.936759865583895
1.9989210942306979
2.1028421136527418
1.883650774684687
1.8914037285919565
1.9297676524485399
1.922122213904121
1.899359236325688
1.901365839772438
1.9014015635800412
1.9013679783020234
1.9013920231831751
1.8675746691833977
1.9108513377885528
1.9108756927230859
1.9108528521673436
1.9108771760655874
1.8675762107228053
1.986967094840823
1.950858002529919
1.9495027930467483
1.9112551810664347
1.9112859239405493
1.9112503223236827
1.9112823494888573
1.8675771086858084
2.052906097511685
2.177410972032697
2.0528995461449684
2.105366002914769
2.089227106418843
2.0943851213948763
2.094383820356277
2.09438671061375
2.0943860660695464
2.0944141403788428
2.094410617420455
2.0882650051320453
1.9755990618966306
1.9990943783088884
2.1032570047555175
1.9043744744409337
1.904342167335915
1.9044052452009579
1.9043659980882781
1.8675767470144073
1.9149224814183756
1.9974173193407607
2.1034523484988723
1.8922416236985833
1.9056825706844414
1.9432688668222537
1.9299887382685592
1.8769107496305202
1.8935067303146333
1.928111885213325
1.932152409344045
1.8875209889901954
1.8834634257467462
1.9111566337464205
1.9111300273760985
1.9111343827583926
1.9101922488961023
1.9101068738283213
1.900824146200548
1.900849288015511
1.9891631189765973
1.9008287802620936
1.9008032227266467
1.8675754551105623
1.9111310573354332
1.9111309988328538
1.9111290229994642
1.9101927070276912
1.9101078857613094
1.9101068180123422
1.9375414708180605
1.9101074264748965
1.9329386813183733
1.9976114732215215
2.1032290793118693
1.8862717469529666
1.8937066321717826
1.929868209283229
1.922459762583133
1.8977434892355094
1.9015028599702788
1.90155736412997
1.9015081875532738
1.9015294992102745
1.8675756719152778
1.9865033313901537
2.107461537013707
2.103809342771466
2.107834727934672
2.1082155114839267
2.0926262397531326
2.093005265653817
2.0876729696143426
2.0874825646050557
2.087675220635905
2.087483017044471
2.0952798331704416
2.095090575275247
2.09528473622535
2.09508869122494
2.0929087377941533
2.095149726489167
2.0951362688563417
2.070936486290369
1.93198286205058
1.9980997540235577
2.103007725067543
1.8772744190184874
1.9031742490928223
1.9404874569735895
1.9154342803235478
1.8950432312602452
1.9408565182150674
1.9064064585965605
1.8924596584134614
1.9258511575668669
1.890782779918726
1.911176123957469
1.9111716095458877
1.9111387010606486
1.911130642486006
1.9101931815976092
1.9101083018263052
1.907880351468016
1.9101066095680663
1.9379625093711277
1.9981382541405477
2.102707525428677
1.8831222278029625
1.890324581062455
1.9291431314285061
1.9220727934263804
1.900289323784318
1.9893511946193134
1.9007442406133745
1.9007878322424285
1.9007420711900909
1.9007736496397527
1.8675751085179024
1.9115492081050443
1.91157524504472
1.9482049355652402
1.9115510983604833
1.9115750118563681
1.867574526219395
1.911363197378439
1.911402398734824
1.948920559918787
1.9504698400682965
1.91136733513875
1.9113950335726961
1.8675748953028546
1.9110221870008948
1.9110459903440544
1.911016551600761
1.911041878355878
1.8675775357402615
1.9111313589301155
1.9111308984714868
1.9111294814075506
1.9101902543913967
1.9101082055016574
1.9101082591662863
1.9401210877278667
1.9992883059641964
2.102307395748057
1.8820078157595734
1.8881829081689776
1.9291522422926377
1.922995677939511
1.900343201807055
1.9014185660668084
1.901445795943338
1.9014150474081544
1.9014470951638334
1.867576613984556
1.903513189750492
1.903535801752891
1.9035088811809528
1.903535203578391
1.8675739720191082
2.077588290895024
2.060330296346068
2.1447690061563223
1.9867865031727212
1.9788713894216325
1.9376555963629116
1.9981015044271024
2.1023919036751044
1.8838681153679853
1.8894146709688115
1.9292024351325872
1.9237652396197504
1.8990979337168679
1.9738712186134308
1.9048348159132125
1.9048596671113236
1.9048366040313014
1.9048599138909421
1.8675744671368846
2.081156728962676
2.0585623401785
2.1428190790257635
1.9383779237430916
1.9994140283805601
2.1031600947751197
1.8852397621497547
1.8874747602440924
1.9268260890874422
1.9246260143884597
1.9111343782054067
1.9111303740829322
1.9111291749788444
1.9101923366122164
1.9101099184294377
1.9101081806589912
1.900207173694827
1.934814913005145
1.9986704082902607
2.1016575078880053
1.8853917982302053
1.8934341018399898
1.9280139572615653
1.920136406186962
1.90129627117287
1.8909265763678373
1.890949159259996
2.026345116740384
1.8909392404274534
1.890954702508221
1.8675750276342322
1.9271035579066418
1.9317726136092301
1.8923554411230716
1.8928282094017588
1.8879203341277009
1.9111475325432215
1.911135536913737
1.911136905279246
1.910193728832035
1.9101073318695503
1.9101073663496573
1.9111542003279547
1.9111330585243893
1.9111279640746197
1.910193752632872
1.910108420829016
1.9101084333175153
1.9315564237182905
1.9379625093711277
1.9981382541405477
2.102707525428677
1.8831222278029625
1.890324581062455
1.9291431314285061
1.9220727934263804
1.900289323784318
1.9893511946193134
1.9007442406133745
1.9007878322424285
1.9007420711900909
1.9007736496397527
1.8675751085179024
1.9115492081050443
1.91157524504472
1.9482049355652402
1.9115510983604833
1.9115750118563681
1.867574526219395
1.911363197378439
1.911402398734824
1.948920559918787
1.9504698400682965
1.91136733513875
1.9113950335726961
1.8675748953028546
1.9110221870008948
1.9110459903440544
1.911016551600761
1.911041878355878
1.8675775357402615
1.9111313589301155
1.9111308984714868
1.9111294814075506
1.9101902543913967
1.9101082055016574
1.9101082591662863
1.934814913005145
1.9986704082902607
2.1016575078880053
1.8853917982302053
1.8934341018399898
1.9280139572615653
1.920136406186962
1.90129627117287
1.8909265763678373
1.890949159259996
2.026345116740384
1.8909392404274534
1.890954702508221
1.8675750276342322
1.9271035579066418
1.9317726136092301
1.8923554411230716
1.8928282094017588
1.8879203341277009
1.9111475325432215
1.911135536913737
1.911136905279246
1.910193728832035
1.9101073318695503
1.9101073663496573
1.9111542003279547
1.9111330585243893
1.9111279640746197
1.910193752632872
1.910108420829016
1.9101084333175153
1.9315564237182905
1.9149398568354994
1.9971116627058842
2.1037572410382825
1.890175514305051
1.9075618272002457
1.945242343188327
1.928361429706857
1.8767396875241178
1.933726647755091
1.9288675443921184
1.8894758335046986
1.8872108703308272
1.8922310281278474
1.9310067706549288
1.9111414825719921
1.91112925617421
1.911129807782217
1.9111371428754793
1.9111293372363383
1.9111452635933381
1.9101954127586833
1.910106876504966
1.9101084652572526
1.9101959858514301
1.9101075717547353
1.9101063889629488
1.9384726318664767
1.9991555386403257
2.102221018237199
1.8825012123538722
1.8902572786539495
1.9295500868337387
1.921939598585245
1.900238009648066
1.9017241211269027
1.9017485153990201
1.9017502539055697
1.9017482341890812
1.8675745066873088
1.9062875605824254
1.9063515110973466
1.9062879797248036
1.906311255891748
1.8675749397953376
2.032352341314017
2.139322184897769
2.094386531475188
2.094402376104581
2.094412069386598
1.9856344850948084
1.9683145164093965
2.110957562218212
1.934814913005145
1.9986704082902607
2.1016575078880053
1.8853917982302053
1.8934341018399898
1.9280139572615653
1.920136406186962
1.90129627117287
1.8909265763678373
1.890949159259996
2.026345116740384
1.8909392404274534
1.890954702508221
1.8675750276342322
1.9271035579066418
1.9317726136092301
1.8923554411230716
1.8928282094017588
1.8879203341277009
1.9111475325432215
1.911135536913737
1.911136905279246
1.910193728832035
1.9101073318695503
1.9101073663496573
1.9111542003279547
1.9111330585243893
1.9111279640746197
1.910193752632872
1.910108420829016
1.9101084333175153
1.9315564237182905
1.9379625093711277
1.9981382541405477
2.102707525428677
1.8831222278029625
1.890324581062455
1.9291431314285061
1.9220727934263804
1.900289323784318
1.9893511946193134
1.9007442406133745
1.9007878322424285
1.9007420711900909
1.9007736496397527
1.8675751085179024
1.9115492081050443
1.91157524504472
1.9482049355652402
1.9115510983604833
1.9115750118563681
1.867574526219395
1.911363197378439
1.911402398734824
1.948920559918787
1.9504698400682965
1.91136733513875
1.9113950335726961
1.8675748953028546
1.9110221870008948
1.9110459903440544
1.911016551600761
1.911041878355878
1.8675775357402615
1.9111313589301155
1.9111308984714868
1.9111294814075506
1.9101902543913967
1.9101082055016574
1.9101082591662863
1.9384726318664767
1.9991555386403257
2.102221018237199
1.8825012123538722
1.8902572786539495
1.9295500868337387
1.921939598585245
1.900238009648066
1.9017241211269027
1.9017485153990201
1.9017502539055697
1.9017482341890812
1.8675745066873088
1.9062875605824254
1.9063515110973466
1.9062879797248036
1.906311255891748
1.8675749397953376
2.032352341314017
2.139322184897769
2.094386531475188
2.094402376104581
2.094412069386598
1.9856344850948084
1.9683145164093965
2.110957562218212
1.93198286205058
1.9980997540235577
2.103007725067543
1.8772744190184874
1.9031742490928223
1.9404874569735895
1.9154342803235478
1.8950432312602452
1.9408565182150674
1.9064064585965605
1.8924596584134614
1.9258511575668669
1.890782779918726
1.911176123957469
1.9111716095458877
1.9111387010606486
1.911130642486006
1.9101931815976092
1.9101083018263052
1.907880351468016
1.9101066095680663
1.9755990618966306
1.9990943783088884
2.1032570047555175
1.9043744744409337
1.904342167335915
1.9044052452009579
1.9043659980882781
1.8675767470144073
1.9379625093711277
1.9981382541405477
2.102707525428677
1.8831222278029625
1.890324581062455
1.9291431314285061
1.9220727934263804
1.900289323784318
1.9893511946193134
1.9007442406133745
1.9007878322424285
1.9007420711900909
1.9007736496397527
1.8675751085179024
1.9115492081050443
1.91157524504472
1.9482049355652402
1.9115510983604833
1.9115750118563681
1.867574526219395
1.911363197378439
1.911402398734824
1.948920559918787
1.9504698400682965
1.91136733513875
1.9113950335726961
1.8675748953028546
1.9110221870008948
1.9110459903440544
1.911016551600761
1.911041878355878
1.8675775357402615
1.9111313589301155
1.9111308984714868
1.9111294814075506
1.9101902543913967
1.9101082055016574
1.9101082591662863
1.9149224814183756
1.9974173193407607
2.1034523484988723
1.8922416236985833
1.9056825706844414
1.9432688668222537
1.9299887382685592
1.8769107496305202
1.8935067303146333
1.928111885213325
1.932152409344045
1.8875209889901954
1.8834634257467462
1.9111566337464205
1.9111300273760985
1.9111343827583926
1.9101922488961023
1.9101068738283213
1.900824146200548
1.900849288015511
1.9891631189765973
1.9008287802620936
1.9008032227266467
1.8675754551105623
1.9111310573354332
1.9111309988328538
1.9111290229994642
1.9101927070276912
1.9101078857613094
1.9101068180123422
1.9375414708180605
1.9101074264748965
1.934814913005145
1.9986704082902607
2.1016575078880053
1.8853917982302053
1.8934341018399898
1.9280139572615653
1.920136406186962
1.90129627117287
1.8909265763678373
1.890949159259996
2.026345116740384
1.8909392404274534
1.890954702508221
1.8675750276342322
1.9271035579066418
1.9317726136092301
1.8923554411230716
1.8928282094017588
1.8879203341277009
1.9111475325432215
1.911135536913737
1.911136905279246
1.910193728832035
1.9101073318695503
1.9101073663496573
1.9111542003279547
1.9111330585243893
1.9111279640746197
1.910193752632872
1.910108420829016
1.9101084333175153
1.9315564237182905
1.9401210877278667
1.9992883059641964
2.102307395748057
1.8820078157595734
1.8881829081689776
1.9291522422926377
1.922995677939511
1.900343201807055
1.9014185660668084
1.901445795943338
1.9014150474081544
1.9014470951638334
1.867576613984556
1.903513189750492
1.903535801752891
1.9035088811809528
1.903535203578391
1.8675739720191082
2.077588290895024
2.060330296346068
2.1447690061563223
1.9867865031727212
1.9788713894216325
1.9380623572698406
1.9977531724529527
2.102141565118849
1.8845729937749
1.889133262307012
1.9274980554920527
1.9228617583591854
1.9010082357448082
1.902357954671627
1.9023817131143164
1.9023748144071264
1.902399246259109
2.1407462886607047
1.904118082765931
2.205995230319334
1.8712203058735435
2.1941491981004377
1.8948936304770274
2.206000077133541
1.8986853421915797
1.8553441815839202
2.19415532223425
1.9832709987569401
2.2860355740544103
1.8675760379235973
1.9380623572698406
1.9977531724529527
2.102141565118849
1.8845729937749
1.889133262307012
1.9274980554920527
1.9228617583591854
1.9010082357448082
1.902357954671627
1.9023817131143164
1.9023748144071264
1.902399246259109
2.1407462886607047
1.904118082765931
2.205995230319334
1.8712203058735435
2.1941491981004377
1.8948936304770274
2.206000077133541
1.8986853421915797
1.8553441815839202
2.19415532223425
1.9832709987569401
2.2860355740544103
1.8675760379235973
1.9380623572698406
1.9977531724529527
2.102141565118849
1.8845729937749
1.889133262307012
1.9274980554920527
1.9228617583591854
1.9010082357448082
1.902357954671627
1.9023817131143164
1.9023748144071264
1.902399246259109
2.1407462886607047
1.904118082765931
2.205995230319334
1.8712203058735435
2.1941491981004377
1.8948936304770274
2.206000077133541
1.8986853421915797
1.8553441815839202
2.19415532223425
1.9832709987569401
2.2860355740544103
1.8675760379235973
2.0371295966621696
2.0371295966621696
2.0371295966621696
2.0371295966621696
2.0371295966621696
2.0371295966621696
2.0371295966621696
2.0371295966621696
2.0371295966621696
2.0371295966621696
2.0371295966621696
2.0371295966621696
2.0371295966621696
2.0371295966621696
2.0371295966621696
2.0371295966621696
2.0371295966621696
2.0371295966621696
2.0371295966621696
2.0371295966621696
2.0371295966621696
2.0371295966621696
2.0371295966621696
2.0371295966621696
2.0371295966621696
2.0371295966621696
2.0371295966621696
2.0371295966621696
2.0371295966621696
2.0371295966621696
2.0371295966621696
2.0371295966621696
2.0371295966621696
2.0371295966621696
2.0371295966621696
2.0371295966621696
2.0371295966621696
2.0371295966621696
2.0371295966621696
2.0371295966621696
2.0371295966621696
2.0371295966621696
2.0371295966621696
2.0371295966621696
2.0371295966621696
2.0371295966621696
2.0371295966621696
2.0371295966621696
2.0371295966621696
2.0371295966621696
2.0371295966621696
2.0371295966621696
2.0371295966621696
2.0371295966621696
2.0371295966621696
2.0371295966621696
2.0371295966621696
2.0371295966621696
2.0371295966621696
2.1434006024243177
2.1434006024243177
2.1434006024243177
2.1434006024243177
2.1434006024243177
2.1434006024243177
2.1434006024243177
2.1434006024243177
2.1434006024243177
2.1434006024243177
2.1434006024243177
2.1434006024243177
2.1434006024243177
2.1434006024243177
2.1434006024243177
2.1434006024243177
2.1434006024243177
2.1434006024243177
2.1434006024243177
2.1434006024243177
2.1434006024243177
2.1434006024243177
2.1434006024243177
2.1434006024243177
2.1434006024243177
2.1434006024243177
2.1434006024243177
2.1434006024243177
2.1434006024243177
2.1434006024243177
2.1434006024243177
2.1434006024243177
2.1434006024243177
2.1434006024243177
2.1434006024243177
2.1434006024243177
2.1434006024243177
2.1434006024243177
2.1434006024243177
2.1434006024243177
2.1434006024243177
2.1434006024243177
2.1434006024243177
2.1434006024243177
2.1434006024243177
2.1434006024243177
2.1434006024243177
2.1434006024243177
2.1434006024243177
2.1434006024243177
2.1434006024243177
2.1434006024243177
2.1434006024243177
2.1434006024243177
2.1434006024243177
2.1434006024243177
2.1434006024243177
2.1434006024243177
2.1434006024243177
2.1648880838017117
2.1648880838017117
2.1648880838017117
2.1648880838017117
2.1648880838017117
2.1648880838017117
2.1648880838017117
2.1648880838017117
2.1648880838017117
2.1648880838017117
2.1648880838017117
2.1648880838017117
2.1648880838017117
2.1648880838017117
2.1648880838017117
2.1648880838017117
2.1648880838017117
2.1648880838017117
2.1648880838017117
2.1648880838017117
2.1648880838017117
2.1648880838017117
2.1648880838017117
2.1648880838017117
2.1648880838017117
2.1648880838017117
2.1648880838017117
2.1648880838017117
2.1648880838017117
2.1648880838017117
2.1648880838017117
2.1648880838017117
2.1648880838017117
2.1648880838017117
2.1648880838017117
2.1648880838017117
2.1648880838017117
2.1648880838017117
2.1648880838017117
2.1648880838017117
2.1648880838017117
2.1648880838017117
2.1648880838017117
2.1648880838017117
2.1648880838017117
2.1648880838017117
2.1648880838017117
2.1648880838017117
2.1648880838017117
2.1648880838017117
2.1648880838017117
2.1648880838017117
2.1648880838017117
2.1648880838017117
2.1648880838017117
2.1648880838017117
2.1188292248443736
2.1188292248443736
2.1188292248443736
2.1188292248443736
2.1188292248443736
2.1188292248443736
2.1188292248443736
2.1188292248443736
2.1188292248443736
2.1188292248443736
2.1188292248443736
2.1188292248443736
2.1188292248443736
2.1188292248443736
2.1188292248443736
2.1188292248443736
2.1188292248443736
2.1188292248443736
2.1188292248443736
2.1188292248443736
2.1188292248443736
2.1188292248443736
2.1188292248443736
2.1188292248443736
2.1188292248443736
2.1188292248443736
2.1188292248443736
2.1188292248443736
2.1188292248443736
2.1188292248443736
2.1188292248443736
2.1188292248443736
2.1188292248443736
2.1188292248443736
2.1188292248443736
2.1188292248443736
2.1188292248443736
2.1188292248443736
2.1188292248443736
2.1188292248443736
2.1188292248443736
2.1188292248443736
2.1188292248443736
2.1188292248443736
2.1188292248443736
2.1188292248443736
2.1188292248443736
2.1188292248443736
2.1188292248443736
2.1188292248443736
2.1188292248443736
2.1188292248443736
2.1188292248443736
2.1188292248443736
2.1188292248443736
2.1188292248443736
2.1188292248443736
2.1188292248443736
2.1188292248443736
