0.0006948795777017578
0.00639069388674536
0.003609396910772617
0.0010125960236653999
0.0009229213701182277
0.0021453786249072183
0.0013313424922804995
0.0012025086139203077
0.012933674157024842
0.012614498425460217
0.012908081469066133
0.012508460930609514
5.652167787302738
0.015236308238537487
0.015282705355744334
0.015290477164526204
0.01528851007739071
5.654071512886916
0.0014627045134580877
0.0015658927438731071
0.0021616194491312943
0.0009027109619369805
0.0010506597997020951
0.0005241546577674639
0.0052728660863587545
0.0032129386450428406
0.0007592605866795719
0.0006951313962280059
0.0016619607326035855
0.0010776684367017324
0.001001520815060265
0.03351372454934252
0.033474094400631905
0.022856394940532435
0.02041423692932634
0.003628122163434175
0.004345930320741876
0.04683212723837517
0.009653284522607919
0.022187144535422244
0.0056038948341781926
0.04270126521661887
0.008364376570153724
0.007266373873228176
0.021264574067284447
0.0023270662180359465
0.003492027239567061
5.651184152269091
0.0006034533081648023
0.006209624037667081
0.003919913151977139
0.0009307110261961778
0.00072787003297434
0.0019552770825690094
0.0011227414599893084
0.0011130329931196392
0.0019320317744350249
0.0018602692623926013
0.002830508665963497
0.0013596351075000324
0.0016772652765836542
0.07047839520689263
9.704938047469064
1.2633069124984655
5.634843653970548
5.68828881352934
0.019012967768578533
0.01687530535753296
0.001604628551980853
0.02290570385976537
0.022888747396832502
5.564350547301979
11.274535994313835
11.327967190228039
11.292371463083324
5.616365900993139
5.639059713520843
5.6015872467471715
0.001289090302173444
5.673336379031996
0.0006467354580937605
0.002127088816961845
0.001390266066316841
0.0011095171370930678
0.006524422746593969
0.0017737446305062347
0.0018232795296914083
0.02682388168830274
0.026801008210843393
0.02681934032095649
0.02683057141763065
5.62715156356393
0.0017653123164669896
0.0006884662531900567
0.010101492417229923
0.009936586353762728
0.010396512512505994
0.010395430154130074
5.644183003002153
0.043598469660224154
0.04037554456029702
4.564419090170203
0.004811118851840323
0.03701159777865138
0.05392733914748101
0.004461272632957927
0.004543676609012794
0.0004794626626870577
0.006720538772101873
0.002464976790757495
0.0062220022775441265
0.006890764136934133
0.006019768888383749
0.006887441671776215
5.641630312466903
0.0005751320047187993
0.006005536990822464
0.003160994812185852
0.0007327011848600846
0.0008026751396661708
0.0015870686464887103
0.000950212678782779
0.0009120380006985624
0.0024829002789833795
0.0023131726002435372
0.00232077173355515
0.0018238699156101713
0.0016293849559254074
0.03197005976585113
0.04021545109908342
0.6277927863648157
3.304578510408109
5.662117236170285
5.609220613322741
0.0013924625310080367
5.60106527028193
0.0006291334380140298
0.006515166529201507
0.0037832142833102637
0.0009619858327987122
0.0009263372769336358
0.0024043476778452186
0.001500418491149238
0.0013057242877165542
0.007864751455920206
0.007861137688597992
0.0005591508488110168
0.007565864270159962
0.007865913254610817
5.637810989407806
0.0010414020900853882
0.0010455106876153984
0.001294474856627813
0.0011468740521320075
0.0011325660605730687
0.06991623767454336
0.5728860811434133
0.8505147307644644
5.672920249249008
5.679592331555689
5.651019601109826
0.052299813410833396
0.8501487895822636
4.922598955326119
5.626783692105604
5.648142839651016
5.635015305041533
0.0020783385752577636
0.0006538962200976982
0.0060959012614977
0.0036162273255496494
0.0009840039348184804
0.0008724445569586609
0.002080526716029823
0.0013183871722298247
0.0011648184522189955
0.01320419265114714
0.01176595390707084
0.01321181735141607
0.013202978440739805
5.666053685883605
0.011298582756209104
0.011291305379389683
0.011305629806429475
0.011305165329302556
5.644397115549157
0.0009209361471160636
0.0007886273201469014
0.0006517551414307581
0.00900962709524543
0.008944100035549763
0.009190625928042612
0.00888240078211893
5.641609349857267
0.0057957922937180205
0.0014720247416208693
0.005949869749971615
0.002324183926481969
0.0025253546171916936
8.856075808467391
2.223926874743196
8.875176721333693
2.8055248932613166
4.433261136509429
4.4606564147122745
0.003744549735731019
0.0005621057418853466
0.005598096658995248
0.003547417076481714
0.0008186170028411916
0.0007044930440600251
0.001677158517409257
0.001035863663801207
0.0010319522500977626
0.031949581955881524
0.018269560963799687
0.03198747021757682
0.03194093686106874
5.673602512485316
0.002224517770234067
0.004449362921698257
0.005271548191624317
0.007950623668950493
0.007541102635769056
0.007164469717897601
0.007223796575613294
0.03146117788761981
0.030088058845547702
0.031718264918966316
0.030037310524172852
0.028578644179312614
0.02884543711555354
0.027480025062656302
0.028834029350575496
0.006412472582835004
0.021693231121765272
0.025560006352610597
0.008303850931664842
0.0006538962200976982
0.0060959012614977
0.0036162273255496494
0.0009840039348184804
0.0008724445569586609
0.002080526716029823
0.0013183871722298247
0.0011648184522189955
0.01320419265114714
0.01176595390707084
0.01321181735141607
0.013202978440739805
5.666053685883605
0.011298582756209104
0.011291305379389683
0.011305629806429475
0.011305165329302556
5.644397115549157
0.0009209361471160636
0.0007886273201469014
0.0006517551414307581
0.00900962709524543
0.008944100035549763
0.009190625928042612
0.00888240078211893
5.641609349857267
0.0057957922937180205
0.0014720247416208693
0.005949869749971615
0.002324183926481969
0.0025253546171916936
8.856075808467391
2.223926874743196
8.875176721333693
2.8055248932613166
4.433261136509429
4.4606564147122745
0.003744549735731019
0.0006291334380140298
0.006515166529201507
0.0037832142833102637
0.0009619858327987122
0.0009263372769336358
0.0024043476778452186
0.001500418491149238
0.0013057242877165542
0.007864751455920206
0.007861137688597992
0.0005591508488110168
0.007565864270159962
0.007865913254610817
5.637810989407806
0.0010414020900853882
0.0010455106876153984
0.001294474856627813
0.0011468740521320075
0.0011325660605730687
0.06991623767454336
0.5728860811434133
0.8505147307644644
5.672920249249008
5.679592331555689
5.651019601109826
0.052299813410833396
0.8501487895822636
4.922598955326119
5.626783692105604
5.648142839651016
5.635015305041533
0.0020783385752577636
0.0006005168637906482
0.005874557754819178
0.003133775674526121
0.0009552801315303932
0.0009375679563007907
0.0022055788982142926
0.0014263591638508293
0.0010412555722942077
0.018511254872591743
0.020230716045652696
0.0013888645686505657
0.013172678064496674
0.01231298836048115
0.06747662076428755
5.681104964195442
0.0006467354580937605
0.002127088816961845
0.001390266066316841
0.0011095171370930678
0.006524422746593969
0.0017737446305062347
0.0018232795296914083
0.02682388168830274
0.026801008210843393
0.02681934032095649
0.02683057141763065
5.62715156356393
0.0017653123164669896
0.0006884662531900567
0.010101492417229923
0.009936586353762728
0.010396512512505994
0.010395430154130074
5.644183003002153
0.043598469660224154
0.04037554456029702
4.564419090170203
0.004811118851840323
0.03701159777865138
0.05392733914748101
0.004461272632957927
0.004543676609012794
0.0007724758791235058
0.007536028749118352
0.0037097224310237934
0.0014052197993426607
0.0013237608762347532
0.0039752503514340004
0.0032632656948896055
0.29790676299665864
11.32548441286558
11.244604535607904
5.644230322819444
5.644831571460961
5.655799143898019
0.0017617917387261078
0.0007724758791235058
0.007536028749118352
0.0037097224310237934
0.0014052197993426607
0.0013237608762347532
0.0039752503514340004
0.0032632656948896055
0.29790676299665864
11.32548441286558
11.244604535607904
5.644230322819444
5.644831571460961
5.655799143898019
0.0017617917387261078
0.0006538962200976982
0.0060959012614977
0.0036162273255496494
0.0009840039348184804
0.0008724445569586609
0.002080526716029823
0.0013183871722298247
0.0011648184522189955
0.01320419265114714
0.01176595390707084
0.01321181735141607
0.013202978440739805
5.666053685883605
0.011298582756209104
0.011291305379389683
0.011305629806429475
0.011305165329302556
5.644397115549157
0.0009209361471160636
0.0007886273201469014
0.0006517551414307581
0.00900962709524543
0.008944100035549763
0.009190625928042612
0.00888240078211893
5.641609349857267
0.0057957922937180205
0.0014720247416208693
0.005949869749971615
0.002324183926481969
0.0025253546171916936
8.856075808467391
2.223926874743196
8.875176721333693
2.8055248932613166
4.433261136509429
4.4606564147122745
0.003744549735731019
0.0004737516999968136
0.0051680333499524375
0.003066011647153933
0.0006754737028163545
0.0007181837196421929
0.0017972660133056526
0.001056086071153976
0.0008815878612560327
0.002720414060030034
0.0393025739040435
0.03924185338386321
0.039238972838349456
0.039275197527666145
5.64589057781017
0.003192051326231146
0.003532144172333611
0.005969999702861484
0.3218321836171309
0.26454375262905494
4.384887090630926
0.0006034533081648023
0.006209624037667081
0.003919913151977139
0.0009307110261961778
0.00072787003297434
0.0019552770825690094
0.0011227414599893084
0.0011130329931196392
0.0019320317744350249
0.0018602692623926013
0.002830508665963497
0.0013596351075000324
0.0016772652765836542
0.07047839520689263
9.704938047469064
1.2633069124984655
5.634843653970548
5.68828881352934
0.019012967768578533
0.01687530535753296
0.001604628551980853
0.02290570385976537
0.022888747396832502
5.564350547301979
11.274535994313835
11.327967190228039
11.292371463083324
5.616365900993139
5.639059713520843
5.6015872467471715
0.001289090302173444
5.673336379031996
0.0006291334380140298
0.006515166529201507
0.0037832142833102637
0.0009619858327987122
0.0009263372769336358
0.0024043476778452186
0.001500418491149238
0.0013057242877165542
0.007864751455920206
0.007861137688597992
0.0005591508488110168
0.007565864270159962
0.007865913254610817
5.637810989407806
0.0010414020900853882
0.0010455106876153984
0.001294474856627813
0.0011468740521320075
0.0011325660605730687
0.06991623767454336
0.5728860811434133
0.8505147307644644
5.672920249249008
5.679592331555689
5.651019601109826
0.052299813410833396
0.8501487895822636
4.922598955326119
5.626783692105604
5.648142839651016
5.635015305041533
0.0020783385752577636
0.0006948795777017578
0.00639069388674536
0.003609396910772617
0.0010125960236653999
0.0009229213701182277
0.0021453786249072183
0.0013313424922804995
0.0012025086139203077
0.012933674157024842
0.012614498425460217
0.012908081469066133
0.012508460930609514
5.652167787302738
0.015236308238537487
0.015282705355744334
0.015290477164526204
0.01528851007739071
5.654071512886916
0.0014627045134580877
0.0015658927438731071
0.0021616194491312943
0.0009027109619369805
0.0010506597997020951
0.0006510648873164865
0.006275274611595762
0.0036028056542942613
0.0010213531550028205
0.0009472278027264303
0.002407701035996735
0.001509636055294139
0.0012305929713790544
0.0010786304059190888
0.015405707526832945
0.01251722608807739
0.015404362807397907
0.014601442885358883
5.706127526952418
0.013015188133102372
0.013020519274316411
0.0009121908908561934
0.013020481198506312
0.013012396138397811
5.670928317027105
0.015086768762608463
0.01406866793129147
0.0010504658866333457
0.0006259673081911038
0.01489549151329363
0.0147368633935818
5.64120242646426
0.008413001422490638
0.008601172304947563
0.008613444324075077
0.008664349708756361
5.593691176385151
9.59062508823518
9.48419167009723
9.510690402340167
4.744312674948833
4.786142433201711
4.779135099984726
0.0005241546577674639
0.0052728660863587545
0.0032129386450428406
0.0007592605866795719
0.0006951313962280059
0.0016619607326035855
0.0010776684367017324
0.001001520815060265
0.03351372454934252
0.033474094400631905
0.022856394940532435
0.02041423692932634
0.003628122163434175
0.004345930320741876
0.04683212723837517
0.009653284522607919
0.022187144535422244
0.0056038948341781926
0.04270126521661887
0.008364376570153724
0.007266373873228176
0.021264574067284447
0.0023270662180359465
0.003492027239567061
5.651184152269091
0.0006005168637906482
0.005874557754819178
0.003133775674526121
0.0009552801315303932
0.0009375679563007907
0.0022055788982142926
0.0014263591638508293
0.0010412555722942077
0.018511254872591743
0.020230716045652696
0.0013888645686505657
0.013172678064496674
0.01231298836048115
0.06747662076428755
5.681104964195442
0.0006291334380140298
0.006515166529201507
0.0037832142833102637
0.0009619858327987122
0.0009263372769336358
0.0024043476778452186
0.001500418491149238
0.0013057242877165542
0.007864751455920206
0.007861137688597992
0.0005591508488110168
0.007565864270159962
0.007865913254610817
5.637810989407806
0.0010414020900853882
0.0010455106876153984
0.001294474856627813
0.0011468740521320075
0.0011325660605730687
0.06991623767454336
0.5728860811434133
0.8505147307644644
5.672920249249008
5.679592331555689
5.651019601109826
0.052299813410833396
0.8501487895822636
4.922598955326119
5.626783692105604
5.648142839651016
5.635015305041533
0.0020783385752577636
0.0005065809996672114
0.005466462121364805
0.0031249328075314757
0.0006595792793788577
0.0007917390262225471
0.0017609768048678829
0.0009987738287432853
0.0009348670612914101
0.002475760055783665
0.03494021813829961
0.03492814284200466
0.03491678728232172
0.03491740887982547
5.649719134666114
0.0014543890299188978
0.0013254423004181492
0.0015967087129322923
0.0007724758791235058
0.007536028749118352
0.0037097224310237934
0.0014052197993426607
0.0013237608762347532
0.0039752503514340004
0.0032632656948896055
0.29790676299665864
11.32548441286558
11.244604535607904
5.644230322819444
5.644831571460961
5.655799143898019
0.0017617917387261078
0.0006005168637906482
0.005874557754819178
0.003133775674526121
0.0009552801315303932
0.0009375679563007907
0.0022055788982142926
0.0014263591638508293
0.0010412555722942077
0.018511254872591743
0.020230716045652696
0.0013888645686505657
0.013172678064496674
0.01231298836048115
0.06747662076428755
5.681104964195442
0.0006830365047873139
0.005977995600591369
0.003557565729356022
0.0010068586533478804
0.0008932965513272558
0.0021262528604464826
0.0012896016798695916
0.001156680801923186
0.013187230511995114
0.013177946733587827
0.011312824601348507
0.013177361474376427
5.707240947522862
0.01663083554096676
0.011129750139351349
0.016629770012938444
0.01662244354080502
5.649389141494346
0.003241145604748182
0.004760533209173258
8.865474651870219
0.16421985188476565
4.4557968233958665
0.0009282782965012968
0.0011696113910194673
0.0031086484473311273
0.0004794626626870577
0.006720538772101873
0.002464976790757495
0.0062220022775441265
0.006890764136934133
0.006019768888383749
0.006887441671776215
5.641630312466903
0.0005751320047187993
0.006005536990822464
0.003160994812185852
0.0007327011848600846
0.0008026751396661708
0.0015870686464887103
0.000950212678782779
0.0009120380006985624
0.0024829002789833795
0.0023131726002435372
0.00232077173355515
0.0018238699156101713
0.0016293849559254074
0.03197005976585113
0.04021545109908342
0.6277927863648157
3.304578510408109
5.662117236170285
5.609220613322741
0.0013924625310080367
5.60106527028193
0.0007724758791235058
0.007536028749118352
0.0037097224310237934
0.0014052197993426607
0.0013237608762347532
0.0039752503514340004
0.0032632656948896055
0.29790676299665864
11.32548441286558
11.244604535607904
5.644230322819444
5.644831571460961
5.655799143898019
0.0017617917387261078
0.0005751320047187993
0.006005536990822464
0.003160994812185852
0.0007327011848600846
0.0008026751396661708
0.0015870686464887103
0.000950212678782779
0.0009120380006985624
0.0024829002789833795
0.0023131726002435372
0.00232077173355515
0.0018238699156101713
0.0016293849559254074
0.03197005976585113
0.04021545109908342
0.6277927863648157
3.304578510408109
5.662117236170285
5.609220613322741
0.0013924625310080367
5.60106527028193
0.0004794626626870577
0.006720538772101873
0.002464976790757495
0.0062220022775441265
0.006890764136934133
0.006019768888383749
0.006887441671776215
5.641630312466903
0.0006467354580937605
0.002127088816961845
0.001390266066316841
0.0011095171370930678
0.006524422746593969
0.0017737446305062347
0.0018232795296914083
0.02682388168830274
0.026801008210843393
0.02681934032095649
0.02683057141763065
5.62715156356393
0.0017653123164669896
0.0006884662531900567
0.010101492417229923
0.009936586353762728
0.010396512512505994
0.010395430154130074
5.644183003002153
0.043598469660224154
0.04037554456029702
4.564419090170203
0.004811118851840323
0.03701159777865138
0.05392733914748101
0.004461272632957927
0.004543676609012794
0.0006538962200976982
0.0060959012614977
0.0036162273255496494
0.0009840039348184804
0.0008724445569586609
0.002080526716029823
0.0013183871722298247
0.0011648184522189955
0.01320419265114714
0.01176595390707084
0.01321181735141607
0.013202978440739805
5.666053685883605
0.011298582756209104
0.011291305379389683
0.011305629806429475
0.011305165329302556
5.644397115549157
0.0009209361471160636
0.0007886273201469014
0.0006517551414307581
0.00900962709524543
0.008944100035549763
0.009190625928042612
0.00888240078211893
5.641609349857267
0.0057957922937180205
0.0014720247416208693
0.005949869749971615
0.002324183926481969
0.0025253546171916936
8.856075808467391
2.223926874743196
8.875176721333693
2.8055248932613166
4.433261136509429
4.4606564147122745
0.003744549735731019
0.0004794626626870577
0.006720538772101873
0.002464976790757495
0.0062220022775441265
0.006890764136934133
0.006019768888383749
0.006887441671776215
5.641630312466903
0.0006034533081648023
0.006209624037667081
0.003919913151977139
0.0009307110261961778
0.00072787003297434
0.0019552770825690094
0.0011227414599893084
0.0011130329931196392
0.0019320317744350249
0.0018602692623926013
0.002830508665963497
0.0013596351075000324
0.0016772652765836542
0.07047839520689263
9.704938047469064
1.2633069124984655
5.634843653970548
5.68828881352934
0.019012967768578533
0.01687530535753296
0.001604628551980853
0.02290570385976537
0.022888747396832502
5.564350547301979
11.274535994313835
11.327967190228039
11.292371463083324
5.616365900993139
5.639059713520843
5.6015872467471715
0.001289090302173444
5.673336379031996
0.0005621057418853466
0.005598096658995248
0.003547417076481714
0.0008186170028411916
0.0007044930440600251
0.001677158517409257
0.001035863663801207
0.0010319522500977626
0.031949581955881524
0.018269560963799687
0.03198747021757682
0.03194093686106874
5.673602512485316
0.002224517770234067
0.004449362921698257
0.005271548191624317
0.007950623668950493
0.007541102635769056
0.007164469717897601
0.007223796575613294
0.03146117788761981
0.030088058845547702
0.031718264918966316
0.030037310524172852
0.028578644179312614
0.02884543711555354
0.027480025062656302
0.028834029350575496
0.006412472582835004
0.021693231121765272
0.025560006352610597
0.008303850931664842
0.0005751320047187993
0.006005536990822464
0.003160994812185852
0.0007327011848600846
0.0008026751396661708
0.0015870686464887103
0.000950212678782779
0.0009120380006985624
0.0024829002789833795
0.0023131726002435372
0.00232077173355515
0.0018238699156101713
0.0016293849559254074
0.03197005976585113
0.04021545109908342
0.6277927863648157
3.304578510408109
5.662117236170285
5.609220613322741
0.0013924625310080367
5.60106527028193
0.0006510648873164865
0.006275274611595762
0.0036028056542942613
0.0010213531550028205
0.0009472278027264303
0.002407701035996735
0.001509636055294139
0.0012305929713790544
0.0010786304059190888
0.015405707526832945
0.01251722608807739
0.015404362807397907
0.014601442885358883
5.706127526952418
0.013015188133102372
0.013020519274316411
0.0009121908908561934
0.013020481198506312
0.013012396138397811
5.670928317027105
0.015086768762608463
0.01406866793129147
0.0010504658866333457
0.0006259673081911038
0.01489549151329363
0.0147368633935818
5.64120242646426
0.008413001422490638
0.008601172304947563
0.008613444324075077
0.008664349708756361
5.593691176385151
9.59062508823518
9.48419167009723
9.510690402340167
4.744312674948833
4.786142433201711
4.779135099984726
0.0006948795777017578
0.00639069388674536
0.003609396910772617
0.0010125960236653999
0.0009229213701182277
0.0021453786249072183
0.0013313424922804995
0.0012025086139203077
0.012933674157024842
0.012614498425460217
0.012908081469066133
0.012508460930609514
5.652167787302738
0.015236308238537487
0.015282705355744334
0.015290477164526204
0.01528851007739071
5.654071512886916
0.0014627045134580877
0.0015658927438731071
0.0021616194491312943
0.0009027109619369805
0.0010506597997020951
0.0005065809996672114
0.005466462121364805
0.0031249328075314757
0.0006595792793788577
0.0007917390262225471
0.0017609768048678829
0.0009987738287432853
0.0009348670612914101
0.002475760055783665
0.03494021813829961
0.03492814284200466
0.03491678728232172
0.03491740887982547
5.649719134666114
0.0014543890299188978
0.0013254423004181492
0.0015967087129322923
0.0007724758791235058
0.007536028749118352
0.0037097224310237934
0.0014052197993426607
0.0013237608762347532
0.0039752503514340004
0.0032632656948896055
0.29790676299665864
11.32548441286558
11.244604535607904
5.644230322819444
5.644831571460961
5.655799143898019
0.0017617917387261078
0.0006291334380140298
0.006515166529201507
0.0037832142833102637
0.0009619858327987122
0.0009263372769336358
0.0024043476778452186
0.001500418491149238
0.0013057242877165542
0.007864751455920206
0.007861137688597992
0.0005591508488110168
0.007565864270159962
0.007865913254610817
5.637810989407806
0.0010414020900853882
0.0010455106876153984
0.001294474856627813
0.0011468740521320075
0.0011325660605730687
0.06991623767454336
0.5728860811434133
0.8505147307644644
5.672920249249008
5.679592331555689
5.651019601109826
0.052299813410833396
0.8501487895822636
4.922598955326119
5.626783692105604
5.648142839651016
5.635015305041533
0.0020783385752577636
0.0006510648873164865
0.006275274611595762
0.0036028056542942613
0.0010213531550028205
0.0009472278027264303
0.002407701035996735
0.001509636055294139
0.0012305929713790544
0.0010786304059190888
0.015405707526832945
0.01251722608807739
0.015404362807397907
0.014601442885358883
5.706127526952418
0.013015188133102372
0.013020519274316411
0.0009121908908561934
0.013020481198506312
0.013012396138397811
5.670928317027105
0.015086768762608463
0.01406866793129147
0.0010504658866333457
0.0006259673081911038
0.01489549151329363
0.0147368633935818
5.64120242646426
0.008413001422490638
0.008601172304947563
0.008613444324075077
0.008664349708756361
5.593691176385151
9.59062508823518
9.48419167009723
9.510690402340167
4.744312674948833
4.786142433201711
4.779135099984726
0.0006291334380140298
0.006515166529201507
0.0037832142833102637
0.0009619858327987122
0.0009263372769336358
0.0024043476778452186
0.001500418491149238
0.0013057242877165542
0.007864751455920206
0.007861137688597992
0.0005591508488110168
0.007565864270159962
0.007865913254610817
5.637810989407806
0.0010414020900853882
0.0010455106876153984
0.001294474856627813
0.0011468740521320075
0.0011325660605730687
0.06991623767454336
0.5728860811434133
0.8505147307644644
5.672920249249008
5.679592331555689
5.651019601109826
0.052299813410833396
0.8501487895822636
4.922598955326119
5.626783692105604
5.648142839651016
5.635015305041533
0.0020783385752577636
0.0006119646795609648
0.006305042566094292
0.003924870786909268
0.0009106451524314239
0.0008236326877889587
0.0019262906156917343
0.001265926714703691
0.001132516539249029
0.002891286431567857
0.002449150430026385
0.002498397950364339
0.0023192949231133015
0.002008562044701776
0.0021506181859709227
0.13063074485643508
11.232056408025716
11.297770263496224
0.25887047207616437
11.296276226511464
0.09804976062545656
5.6599575996610545
5.660005301731644
5.627976821067826
5.692363580049744
5.682117873516034
5.641391072540854
0.0006830365047873139
0.005977995600591369
0.003557565729356022
0.0010068586533478804
0.0008932965513272558
0.0021262528604464826
0.0012896016798695916
0.001156680801923186
0.013187230511995114
0.013177946733587827
0.011312824601348507
0.013177361474376427
5.707240947522862
0.01663083554096676
0.011129750139351349
0.016629770012938444
0.01662244354080502
5.649389141494346
0.003241145604748182
0.004760533209173258
8.865474651870219
0.16421985188476565
4.4557968233958665
0.0009282782965012968
0.0011696113910194673
0.0031086484473311273
0.0006291334380140298
0.006515166529201507
0.0037832142833102637
0.0009619858327987122
0.0009263372769336358
0.0024043476778452186
0.001500418491149238
0.0013057242877165542
0.007864751455920206
0.007861137688597992
0.0005591508488110168
0.007565864270159962
0.007865913254610817
5.637810989407806
0.0010414020900853882
0.0010455106876153984
0.001294474856627813
0.0011468740521320075
0.0011325660605730687
0.06991623767454336
0.5728860811434133
0.8505147307644644
5.672920249249008
5.679592331555689
5.651019601109826
0.052299813410833396
0.8501487895822636
4.922598955326119
5.626783692105604
5.648142839651016
5.635015305041533
0.0020783385752577636
0.0006510648873164865
0.006275274611595762
0.0036028056542942613
0.0010213531550028205
0.0009472278027264303
0.002407701035996735
0.001509636055294139
0.0012305929713790544
0.0010786304059190888
0.015405707526832945
0.01251722608807739
0.015404362807397907
0.014601442885358883
5.706127526952418
0.013015188133102372
0.013020519274316411
0.0009121908908561934
0.013020481198506312
0.013012396138397811
5.670928317027105
0.015086768762608463
0.01406866793129147
0.0010504658866333457
0.0006259673081911038
0.01489549151329363
0.0147368633935818
5.64120242646426
0.008413001422490638
0.008601172304947563
0.008613444324075077
0.008664349708756361
5.593691176385151
9.59062508823518
9.48419167009723
9.510690402340167
4.744312674948833
4.786142433201711
4.779135099984726
0.0006830365047873139
0.005977995600591369
0.003557565729356022
0.0010068586533478804
0.0008932965513272558
0.0021262528604464826
0.0012896016798695916
0.001156680801923186
0.013187230511995114
0.013177946733587827
0.011312824601348507
0.013177361474376427
5.707240947522862
0.01663083554096676
0.011129750139351349
0.016629770012938444
0.01662244354080502
5.649389141494346
0.003241145604748182
0.004760533209173258
8.865474651870219
0.16421985188476565
4.4557968233958665
0.0009282782965012968
0.0011696113910194673
0.0031086484473311273
0.0005751320047187993
0.006005536990822464
0.003160994812185852
0.0007327011848600846
0.0008026751396661708
0.0015870686464887103
0.000950212678782779
0.0009120380006985624
0.0024829002789833795
0.0023131726002435372
0.00232077173355515
0.0018238699156101713
0.0016293849559254074
0.03197005976585113
0.04021545109908342
0.6277927863648157
3.304578510408109
5.662117236170285
5.609220613322741
0.0013924625310080367
5.60106527028193
0.0004794626626870577
0.006720538772101873
0.002464976790757495
0.0062220022775441265
0.006890764136934133
0.006019768888383749
0.006887441671776215
5.641630312466903
0.0006510648873164865
0.006275274611595762
0.0036028056542942613
0.0010213531550028205
0.0009472278027264303
0.002407701035996735
0.001509636055294139
0.0012305929713790544
0.0010786304059190888
0.015405707526832945
0.01251722608807739
0.015404362807397907
0.014601442885358883
5.706127526952418
0.013015188133102372
0.013020519274316411
0.0009121908908561934
0.013020481198506312
0.013012396138397811
5.670928317027105
0.015086768762608463
0.01406866793129147
0.0010504658866333457
0.0006259673081911038
0.01489549151329363
0.0147368633935818
5.64120242646426
0.008413001422490638
0.008601172304947563
0.008613444324075077
0.008664349708756361
5.593691176385151
9.59062508823518
9.48419167009723
9.510690402340167
4.744312674948833
4.786142433201711
4.779135099984726
0.0006034533081648023
0.006209624037667081
0.003919913151977139
0.0009307110261961778
0.00072787003297434
0.0019552770825690094
0.0011227414599893084
0.0011130329931196392
0.0019320317744350249
0.0018602692623926013
0.002830508665963497
0.0013596351075000324
0.0016772652765836542
0.07047839520689263
9.704938047469064
1.2633069124984655
5.634843653970548
5.68828881352934
0.019012967768578533
0.01687530535753296
0.001604628551980853
0.02290570385976537
0.022888747396832502
5.564350547301979
11.274535994313835
11.327967190228039
11.292371463083324
5.616365900993139
5.639059713520843
5.6015872467471715
0.001289090302173444
5.673336379031996
0.0006291334380140298
0.006515166529201507
0.0037832142833102637
0.0009619858327987122
0.0009263372769336358
0.0024043476778452186
0.001500418491149238
0.0013057242877165542
0.007864751455920206
0.007861137688597992
0.0005591508488110168
0.007565864270159962
0.007865913254610817
5.637810989407806
0.0010414020900853882
0.0010455106876153984
0.001294474856627813
0.0011468740521320075
0.0011325660605730687
0.06991623767454336
0.5728860811434133
0.8505147307644644
5.672920249249008
5.679592331555689
5.651019601109826
0.052299813410833396
0.8501487895822636
4.922598955326119
5.626783692105604
5.648142839651016
5.635015305041533
0.0020783385752577636
0.0006948795777017578
0.00639069388674536
0.003609396910772617
0.0010125960236653999
0.0009229213701182277
0.0021453786249072183
0.0013313424922804995
0.0012025086139203077
0.012933674157024842
0.012614498425460217
0.012908081469066133
0.012508460930609514
5.652167787302738
0.015236308238537487
0.015282705355744334
0.015290477164526204
0.01528851007739071
5.654071512886916
0.0014627045134580877
0.0015658927438731071
0.0021616194491312943
0.0009027109619369805
0.0010506597997020951
0.0005241546577674639
0.0052728660863587545
0.0032129386450428406
0.0007592605866795719
0.0006951313962280059
0.0016619607326035855
0.0010776684367017324
0.001001520815060265
0.03351372454934252
0.033474094400631905
0.022856394940532435
0.02041423692932634
0.003628122163434175
0.004345930320741876
0.04683212723837517
0.009653284522607919
0.022187144535422244
0.0056038948341781926
0.04270126521661887
0.008364376570153724
0.007266373873228176
0.021264574067284447
0.0023270662180359465
0.003492027239567061
5.651184152269091
0.0005241546577674639
0.0052728660863587545
0.0032129386450428406
0.0007592605866795719
0.0006951313962280059
0.0016619607326035855
0.0010776684367017324
0.001001520815060265
0.03351372454934252
0.033474094400631905
0.022856394940532435
0.02041423692932634
0.003628122163434175
0.004345930320741876
0.04683212723837517
0.009653284522607919
0.022187144535422244
0.0056038948341781926
0.04270126521661887
0.008364376570153724
0.007266373873228176
0.021264574067284447
0.0023270662180359465
0.003492027239567061
5.651184152269091
0.0005241546577674639
0.0052728660863587545
0.0032129386450428406
0.0007592605866795719
0.0006951313962280059
0.0016619607326035855
0.0010776684367017324
0.001001520815060265
0.03351372454934252
0.033474094400631905
0.022856394940532435
0.02041423692932634
0.003628122163434175
0.004345930320741876
0.04683212723837517
0.009653284522607919
0.022187144535422244
0.0056038948341781926
0.04270126521661887
0.008364376570153724
0.007266373873228176
0.021264574067284447
0.0023270662180359465
0.003492027239567061
5.651184152269091
0.0019872160888277273
0.0019872160888277273
0.0019872160888277273
0.0019872160888277273
0.0019872160888277273
0.0019872160888277273
0.0019872160888277273
0.0019872160888277273
0.0019872160888277273
0.0019872160888277273
0.0019872160888277273
0.0019872160888277273
0.0019872160888277273
0.0019872160888277273
0.0019872160888277273
0.0019872160888277273
0.0019872160888277273
0.0019872160888277273
0.0019872160888277273
0.0019872160888277273
0.0019872160888277273
0.0019872160888277273
0.0019872160888277273
0.0019872160888277273
0.0019872160888277273
0.0019872160888277273
0.0019872160888277273
0.0019872160888277273
0.0019872160888277273
0.0019872160888277273
0.0019872160888277273
0.0019872160888277273
0.0019872160888277273
0.0019872160888277273
0.0019872160888277273
0.0019872160888277273
0.0019872160888277273
0.0019872160888277273
0.0019872160888277273
0.0019872160888277273
0.0019872160888277273
0.0019872160888277273
0.0019872160888277273
0.0019872160888277273
0.0019872160888277273
0.0019872160888277273
0.0019872160888277273
0.0019872160888277273
0.0019872160888277273
0.0019872160888277273
0.0019872160888277273
0.0019872160888277273
0.0019872160888277273
0.0019872160888277273
0.0019872160888277273
0.0019872160888277273
0.0019872160888277273
0.0019872160888277273
0.0019872160888277273
0.0037050131765337473
0.0037050131765337473
0.0037050131765337473
0.0037050131765337473
0.0037050131765337473
0.0037050131765337473
0.0037050131765337473
0.0037050131765337473
0.0037050131765337473
0.0037050131765337473
0.0037050131765337473
0.0037050131765337473
0.0037050131765337473
0.0037050131765337473
0.0037050131765337473
0.0037050131765337473
0.0037050131765337473
0.0037050131765337473
0.0037050131765337473
0.0037050131765337473
0.0037050131765337473
0.0037050131765337473
0.0037050131765337473
0.0037050131765337473
0.0037050131765337473
0.0037050131765337473
0.0037050131765337473
0.0037050131765337473
0.0037050131765337473
0.0037050131765337473
0.0037050131765337473
0.0037050131765337473
0.0037050131765337473
0.0037050131765337473
0.0037050131765337473
0.0037050131765337473
0.0037050131765337473
0.0037050131765337473
0.0037050131765337473
0.0037050131765337473
0.0037050131765337473
0.0037050131765337473
0.0037050131765337473
0.0037050131765337473
0.0037050131765337473
0.0037050131765337473
0.0037050131765337473
0.0037050131765337473
0.0037050131765337473
0.0037050131765337473
0.0037050131765337473
0.0037050131765337473
0.0037050131765337473
0.0037050131765337473
0.0037050131765337473
0.0037050131765337473
0.0037050131765337473
0.0037050131765337473
0.0037050131765337473
0.00517697939464089
0.00517697939464089
0.00517697939464089
0.00517697939464089
0.00517697939464089
0.00517697939464089
0.00517697939464089
0.00517697939464089
0.00517697939464089
0.00517697939464089
0.00517697939464089
0.00517697939464089
0.00517697939464089
0.00517697939464089
0.00517697939464089
0.00517697939464089
0.00517697939464089
0.00517697939464089
0.00517697939464089
0.00517697939464089
0.00517697939464089
0.00517697939464089
0.00517697939464089
0.00517697939464089
0.00517697939464089
0.00517697939464089
0.00517697939464089
0.00517697939464089
0.00517697939464089
0.00517697939464089
0.00517697939464089
0.00517697939464089
0.00517697939464089
0.00517697939464089
0.00517697939464089
0.00517697939464089
0.00517697939464089
0.00517697939464089
0.00517697939464089
0.00517697939464089
0.00517697939464089
0.00517697939464089
0.00517697939464089
0.00517697939464089
0.00517697939464089
0.00517697939464089
0.00517697939464089
0.00517697939464089
0.00517697939464089
0.00517697939464089
0.00517697939464089
0.00517697939464089
0.00517697939464089
0.00517697939464089
0.00517697939464089
0.00517697939464089
0.00129096381189079
0.00129096381189079
0.00129096381189079
0.00129096381189079
0.00129096381189079
0.00129096381189079
0.00129096381189079
0.00129096381189079
0.00129096381189079
0.00129096381189079
0.00129096381189079
0.00129096381189079
0.00129096381189079
0.00129096381189079
0.00129096381189079
0.00129096381189079
0.00129096381189079
0.00129096381189079
0.00129096381189079
0.00129096381189079
0.00129096381189079
0.00129096381189079
0.00129096381189079
0.00129096381189079
0.00129096381189079
0.00129096381189079
0.00129096381189079
0.00129096381189079
0.00129096381189079
0.00129096381189079
0.00129096381189079
0.00129096381189079
0.00129096381189079
0.00129096381189079
0.00129096381189079
0.00129096381189079
0.00129096381189079
0.00129096381189079
0.00129096381189079
0.00129096381189079
0.00129096381189079
0.00129096381189079
0.00129096381189079
0.00129096381189079
0.00129096381189079
0.00129096381189079
0.00129096381189079
0.00129096381189079
0.00129096381189079
0.00129096381189079
0.00129096381189079
0.00129096381189079
0.00129096381189079
0.00129096381189079
0.00129096381189079
0.00129096381189079
0.00129096381189079
0.00129096381189079
0.00129096381189079
