2
1
3
10
10
4
4
4
11
12
5
5
12
13
14
6
6
14
7
8
8
5
6
17
16
18
26
26
19
19
19
27
28
20
20
21
23
29
24
30
24
24
23
21
30
20
22
28
33
32
34
40
40
35
35
35
41
36
37
36
37
44
45
46
45
46
42
43
38
38
38
43
47
48
49
48
49
49
37
46
52
53
57
57
54
54
54
58
59
55
55
59
55
56
60
61
56
56
61
62
63
63
50
62
63
51
33
66
65
67
69
69
70
70
70
73
72
74
79
79
75
75
75
77
76
80
76
77
81
82
83
84
83
84
76
84
87
86
88
94
94
89
89
89
95
96
90
90
90
96
91
92
97
91
92
98
99
100
99
100
100
101
102
103
102
103
103
92
106
105
107
116
116
108
108
108
117
118
109
109
118
119
120
110
110
120
109
110
111
121
122
111
111
122
123
112
112
113
114
124
125
126
127
125
127
114
130
129
131
140
140
132
132
132
141
142
133
133
142
133
134
135
136
137
138
138
143
144
136
137
145
146
138
138
137
147
147
135
150
149
151
160
160
152
152
152
161
162
153
153
162
163
164
154
154
164
153
154
155
165
166
155
155
166
167
156
156
157
158
168
169
170
171
169
171
158
174
173
175
181
181
176
176
176
182
183
177
177
177
183
178
179
184
178
179
185
186
187
186
187
187
188
189
190
189
190
190
179
193
192
194
198
198
195
195
195
199
200
196
196
196
201
200
204
205
209
209
206
206
206
210
211
207
207
211
207
208
212
213
208
208
213
214
215
215
202
214
215
203
193
218
217
219
222
222
220
220
223
224
225
224
225
225
220
228
227
229
232
232
230
230
233
234
235
234
235
235
230
238
237
239
248
248
240
240
240
249
250
241
241
250
251
252
242
242
252
241
242
243
253
254
243
243
254
255
244
244
245
246
256
257
258
259
257
259
246
262
261
263
269
269
264
264
264
265
270
271
265
265
271
266
267
267
272
273
272
276
275
277
283
283
278
278
278
284
279
280
279
280
287
288
289
288
289
285
286
281
281
281
286
290
291
292
291
292
292
280
289
295
294
296
302
302
297
297
297
303
304
298
298
298
304
299
300
305
299
300
306
307
308
307
308
308
309
310
311
310
311
311
300
314
313
315
322
322
316
316
316
323
324
317
317
324
325
326
318
318
326
319
320
320
317
318
329
328
330
337
337
331
331
331
332
338
339
332
332
339
340
341
333
333
333
341
342
343
334
335
334
334
343
344
345
335
335
345
346
347
348
347
348
348
351
350
352
360
360
353
353
353
361
362
354
354
355
357
363
358
364
358
358
357
355
364
354
356
362
367
366
368
372
372
369
369
369
373
374
370
370
370
375
374
378
377
379
385
385
380
380
380
386
387
381
381
381
387
382
383
388
382
383
389
390
391
390
391
391
392
393
394
393
394
394
383
397
396
398
404
404
399
399
399
400
405
406
400
400
406
401
402
402
409
408
410
413
413
411
411
414
415
416
415
416
416
411
419
418
420
424
424
421
421
421
425
426
422
422
422
427
426
430
429
431
438
438
432
432
432
439
440
433
433
440
441
442
434
434
442
436
436
443
444
444
433
434
435
447
446
448
450
450
451
451
451
454
453
455
460
460
456
456
456
458
457
461
457
458
462
463
464
465
464
465
457
465
468
467
469
472
472
470
470
473
474
475
474
475
475
470
478
477
479
484
484
480
480
480
482
481
485
481
482
486
487
488
489
488
489
481
489
492
491
493
495
495
496
496
496
499
500
504
504
501
501
501
505
506
502
502
506
502
503
507
508
503
503
508
509
510
510
497
509
510
498
492
513
512
514
523
523
515
515
515
524
525
516
516
525
526
527
517
517
527
516
517
518
528
529
518
518
529
530
519
519
520
521
531
532
533
534
532
534
521
537
536
538
540
540
541
541
541
544
543
545
551
551
546
546
546
552
547
548
547
548
555
556
557
556
557
553
554
549
549
549
554
558
559
560
559
560
560
548
557
563
562
564
573
573
565
565
565
574
575
566
566
575
566
567
568
569
570
571
571
576
577
569
570
578
579
571
571
570
580
580
568
583
582
584
589
589
585
585
585
587
586
590
586
587
591
592
593
594
593
594
586
594
597
596
598
605
605
599
599
599
600
606
607
600
600
607
608
609
601
601
601
609
610
611
602
603
602
602
611
612
613
603
603
613
614
615
616
615
616
616
619
618
620
627
627
621
621
621
628
629
622
622
629
630
631
623
623
631
624
625
625
622
623
634
633
635
641
641
636
636
636
637
642
643
637
637
643
638
639
639
646
645
647
650
650
648
648
651
652
653
652
653
653
648
656
655
657
663
663
658
658
658
664
665
659
659
659
665
660
661
666
660
661
667
668
669
668
669
669
670
671
672
671
672
672
661
675
674
676
683
683
677
677
677
678
684
685
678
678
685
686
687
679
679
679
687
688
689
680
681
680
680
689
690
691
681
681
691
692
693
694
693
694
694
697
696
698
704
704
699
699
699
705
706
700
700
700
706
701
702
707
701
702
708
709
710
709
710
710
711
712
713
712
713
713
702
716
715
717
722
722
718
718
718
719
720
723
719
720
720
724
725
726
727
728
729
725
726
726
728
729
729
732
731
733
740
740
734
734
734
741
742
735
735
742
743
744
736
736
744
738
738
745
746
746
735
736
737
749
748
750
756
756
751
751
751
757
758
752
752
752
758
753
754
759
753
754
760
761
762
761
762
762
763
764
765
764
765
765
754
768
767
769
776
776
770
770
770
771
777
778
771
771
778
779
780
772
772
772
780
781
782
773
774
773
773
782
783
784
774
774
784
785
786
787
786
787
787
790
789
791
798
798
792
792
792
799
800
793
793
800
801
802
794
794
802
796
796
803
804
804
793
794
795
807
806
808
813
813
809
809
809
811
810
814
810
811
815
816
817
818
817
818
810
818
821
820
822
824
824
825
825
825
828
827
829
836
836
830
830
830
831
837
838
831
831
838
839
840
832
832
832
840
841
842
833
834
833
833
842
843
844
834
834
844
845
846
847
846
847
847
850
849
851
857
857
852
852
852
858
853
854
853
854
861
862
863
862
863
859
860
855
855
855
860
864
865
866
865
866
866
854
863
869
868
870
876
876
871
871
871
877
878
872
872
872
878
873
874
879
873
874
880
881
882
881
882
882
883
884
885
884
885
885
874
888
887
889
896
896
890
890
890
897
898
891
891
898
899
900
892
892
900
893
894
894
891
892
903
902
904
912
912
905
905
905
913
914
906
906
907
909
915
910
916
910
910
909
907
916
906
908
914
919
918
920
928
928
921
921
921
929
930
922
922
923
925
931
926
932
926
926
925
923
932
922
924
930
935
934
936
944
944
937
937
937
945
946
938
938
939
941
947
942
948
942
942
941
939
948
938
940
946
15
31
50
64
71
85
104
128
148
172
191
202
216
226
236
260
274
293
312
327
349
365
376
395
407
417
428
445
452
466
476
490
497
511
535
542
561
581
595
617
632
644
654
673
695
714
730
747
766
788
805
819
826
848
867
886
901
917
933
15
31
50
64
71
85
104
128
148
172
191
202
216
226
236
260
274
293
312
327
349
365
376
395
407
417
428
445
452
466
476
490
497
511
535
542
561
581
595
617
632
644
654
673
695
714
730
747
766
788
805
819
826
848
867
886
901
917
933
25
39
68
78
93
115
139
159
180
197
221
231
247
268
282
301
321
336
359
371
384
403
412
423
437
449
459
471
483
494
522
539
550
572
588
604
626
640
649
662
682
703
721
739
755
775
797
812
823
835
856
875
895
911
927
943
16
32
51
65
72
86
105
129
149
173
192
203
217
227
237
261
275
294
313
328
350
366
377
396
408
418
429
446
453
467
477
491
498
512
536
543
562
582
596
618
633
645
655
674
696
715
731
748
767
789
806
820
827
849
868
887
902
918
934
