0
9
1
0
2
0
2
10
1
1
11
12
11
4
4
13
14
13
5
5
7
1
4
15
25
16
15
17
15
17
26
16
16
27
28
19
20
20
20
21
21
29
22
22
24
16
19
27
31
39
32
31
33
31
33
40
32
32
32
41
41
35
35
35
44
44
35
35
35
43
42
42
36
36
36
47
47
48
36
45
50
51
50
52
50
52
57
51
51
58
59
58
51
54
54
54
60
61
60
55
55
62
55
50
50
56
56
64
68
65
64
66
64
66
69
71
78
72
71
73
71
73
79
72
72
72
80
80
75
75
75
75
82
82
77
83
85
93
86
85
87
85
87
94
86
86
86
95
96
95
89
89
89
97
97
90
90
90
98
98
99
90
90
90
101
101
102
91
104
115
105
104
106
104
106
116
105
105
117
118
117
108
108
119
120
119
105
108
109
109
109
121
122
121
110
110
123
111
111
112
112
112
112
124
126
113
128
139
129
128
130
128
130
140
129
129
141
142
141
129
132
132
133
133
134
135
133
133
143
144
134
135
145
146
136
136
137
134
148
159
149
148
150
148
150
160
149
149
161
162
161
152
152
163
164
163
149
152
153
153
153
165
166
165
154
154
167
155
155
156
156
156
156
168
170
157
172
180
173
172
174
172
174
181
173
173
173
182
183
182
176
176
176
184
184
177
177
177
185
185
186
177
177
177
188
188
189
178
191
197
192
191
193
191
193
198
192
192
192
199
200
195
199
202
203
202
204
202
204
209
203
203
210
211
210
203
206
206
206
212
213
212
207
207
214
207
202
202
208
208
216
221
217
216
218
216
218
217
217
217
223
223
224
222
226
231
227
226
228
226
228
227
227
227
233
233
234
232
236
247
237
236
238
236
238
248
237
237
249
250
249
240
240
251
252
251
237
240
241
241
241
253
254
253
242
242
255
243
243
244
244
244
244
256
258
245
260
268
261
260
262
260
262
269
261
261
261
270
271
270
264
264
266
265
265
273
274
282
275
274
276
274
276
283
275
275
275
284
284
278
278
278
287
287
278
278
278
286
285
285
279
279
279
290
290
291
279
288
293
301
294
293
295
293
295
302
294
294
294
303
304
303
297
297
297
305
305
298
298
298
306
306
307
298
298
298
309
309
310
299
312
321
313
312
314
312
314
322
313
313
323
324
323
316
316
325
326
325
317
317
319
313
316
327
336
328
327
329
327
329
337
328
328
328
338
339
338
331
331
331
340
341
340
332
332
332
333
342
343
342
333
333
344
345
344
334
334
334
346
346
347
349
359
350
349
351
349
351
360
350
350
361
362
353
354
354
354
355
355
363
356
356
358
350
353
361
365
371
366
365
367
365
367
372
366
366
366
373
374
369
373
376
384
377
376
378
376
378
385
377
377
377
386
387
386
380
380
380
388
388
381
381
381
389
389
390
381
381
381
392
392
393
382
395
403
396
395
397
395
397
404
396
396
396
405
406
405
399
399
401
407
412
408
407
409
407
409
408
408
408
414
414
415
413
417
423
418
417
419
417
419
424
418
418
418
425
426
421
425
428
437
429
428
430
428
430
438
429
429
439
440
439
432
432
441
442
441
433
435
434
434
443
429
432
433
445
449
446
445
447
445
447
450
452
459
453
452
454
452
454
460
453
453
453
461
461
456
456
456
456
463
463
458
464
466
471
467
466
468
466
468
467
467
467
473
473
474
472
476
483
477
476
478
476
478
484
477
477
477
485
485
480
480
480
480
487
487
482
488
490
494
491
490
492
490
492
495
497
498
497
499
497
499
504
498
498
505
506
505
498
501
501
501
507
508
507
502
502
509
502
497
497
503
503
511
522
512
511
513
511
513
523
512
512
524
525
524
515
515
526
527
526
512
515
516
516
516
528
529
528
517
517
530
518
518
519
519
519
519
531
533
520
535
539
536
535
537
535
537
540
542
550
543
542
544
542
544
551
543
543
543
552
552
546
546
546
555
555
546
546
546
554
553
553
547
547
547
558
558
559
547
556
561
572
562
561
563
561
563
573
562
562
574
575
574
562
565
565
566
566
567
568
566
566
576
577
567
568
578
579
569
569
570
567
581
588
582
581
583
581
583
589
582
582
582
590
590
585
585
585
585
592
592
587
593
595
604
596
595
597
595
597
605
596
596
596
606
607
606
599
599
599
608
609
608
600
600
600
601
610
611
610
601
601
612
613
612
602
602
602
614
614
615
617
626
618
617
619
617
619
627
618
618
628
629
628
621
621
630
631
630
622
622
624
618
621
632
640
633
632
634
632
634
641
633
633
633
642
643
642
636
636
638
644
649
645
644
646
644
646
645
645
645
651
651
652
650
654
662
655
654
656
654
656
663
655
655
655
664
665
664
658
658
658
666
666
659
659
659
667
667
668
659
659
659
670
670
671
660
673
682
674
673
675
673
675
683
674
674
674
684
685
684
677
677
677
686
687
686
678
678
678
679
688
689
688
679
679
690
691
690
680
680
680
692
692
693
695
703
696
695
697
695
697
704
696
696
696
705
706
705
699
699
699
707
707
700
700
700
708
708
709
700
700
700
711
711
712
701
714
721
715
714
716
714
716
722
715
715
715
723
723
719
718
718
718
718
718
718
724
724
725
727
727
728
730
739
731
730
732
730
732
740
731
731
741
742
741
734
734
743
744
743
735
737
736
736
745
731
734
735
747
755
748
747
749
747
749
756
748
748
748
757
758
757
751
751
751
759
759
752
752
752
760
760
761
752
752
752
763
763
764
753
766
775
767
766
768
766
768
776
767
767
767
777
778
777
770
770
770
779
780
779
771
771
771
772
781
782
781
772
772
783
784
783
773
773
773
785
785
786
788
797
789
788
790
788
790
798
789
789
799
800
799
792
792
801
802
801
793
795
794
794
803
789
792
793
805
812
806
805
807
805
807
813
806
806
806
814
814
809
809
809
809
816
816
811
817
819
823
820
819
821
819
821
824
826
835
827
826
828
826
828
836
827
827
827
837
838
837
830
830
830
839
840
839
831
831
831
832
841
842
841
832
832
843
844
843
833
833
833
845
845
846
848
856
849
848
850
848
850
857
849
849
849
858
858
852
852
852
861
861
852
852
852
860
859
859
853
853
853
864
864
865
853
862
867
875
868
867
869
867
869
876
868
868
868
877
878
877
871
871
871
879
879
872
872
872
880
880
881
872
872
872
883
883
884
873
886
895
887
886
888
886
888
896
887
887
897
898
897
890
890
899
900
899
891
891
893
887
890
901
911
902
901
903
901
903
912
902
902
913
914
905
906
906
906
907
907
915
908
908
910
902
905
913
917
927
918
917
919
917
919
928
918
918
929
930
921
922
922
922
923
923
931
924
924
926
918
921
929
933
943
934
933
935
933
935
944
934
934
945
946
937
938
938
938
939
939
947
940
940
942
934
937
945
1
16
32
51
65
72
86
105
129
149
173
192
203
217
227
237
261
275
294
313
328
350
366
377
396
408
418
429
446
453
467
477
491
498
512
536
543
562
582
596
618
633
645
655
674
696
715
731
748
767
789
806
820
827
849
868
887
902
918
3
18
34
53
67
74
88
107
131
151
175
194
205
219
229
239
263
277
296
315
330
352
368
379
398
410
420
431
448
455
469
479
493
500
514
538
545
564
584
598
620
635
647
657
676
698
717
733
750
769
791
808
822
829
851
870
889
904
920
2
17
52
66
73
87
106
130
150
174
204
218
228
238
262
276
295
314
329
351
367
378
397
409
419
430
447
454
468
478
499
513
537
544
563
583
597
619
634
646
656
675
697
716
732
749
768
790
807
821
828
850
869
888
903
919
2
17
33
52
66
73
87
106
130
150
174
193
204
218
228
238
262
276
295
314
329
351
367
378
397
409
419
430
447
454
468
478
492
499
513
537
544
563
583
597
619
634
646
656
675
697
716
732
749
768
790
807
821
828
850
869
888
903
919
