1
9
2
4
10
3
5
11
12
6
13
14
7
8
16
25
17
19
26
18
20
27
28
21
22
23
24
29
24
30
32
39
33
35
40
34
36
37
41
38
42
43
44
45
46
47
48
49
51
56
52
54
57
53
55
58
59
56
60
61
62
63
65
68
66
69
70
67
72
78
73
75
79
74
76
77
80
81
82
83
84
86
93
87
89
94
88
90
95
96
91
92
97
98
99
100
101
102
103
105
115
106
108
116
107
109
117
118
110
119
120
111
121
122
112
123
113
114
124
125
126
127
129
139
130
132
140
131
133
141
142
134
135
136
143
137
144
138
145
138
146
147
149
159
150
152
160
151
153
161
162
154
163
164
155
165
166
156
167
157
158
168
169
170
171
173
180
174
176
181
175
177
182
183
178
179
184
185
186
187
188
189
190
192
197
193
195
198
194
196
199
200
201
203
208
204
206
209
205
207
210
211
208
212
213
214
215
217
221
218
220
222
219
223
224
225
227
231
228
230
232
229
233
234
235
237
247
238
240
248
239
241
249
250
242
251
252
243
253
254
244
255
245
246
256
257
258
259
261
268
262
264
269
263
265
270
271
266
267
272
273
275
282
276
278
283
277
279
280
284
281
285
286
287
288
289
290
291
292
294
301
295
297
302
296
298
303
304
299
300
305
306
307
308
309
310
311
313
321
314
316
322
315
317
323
324
318
325
326
319
320
328
336
329
331
337
330
332
338
339
333
340
341
334
342
343
335
344
345
346
347
348
350
359
351
353
360
352
354
361
362
355
356
357
358
363
358
364
366
371
367
369
372
368
370
373
374
375
377
384
378
380
385
379
381
386
387
382
383
388
389
390
391
392
393
394
396
403
397
399
404
398
400
405
406
401
402
408
412
409
411
413
410
414
415
416
418
423
419
421
424
420
422
425
426
427
429
437
430
432
438
431
433
439
440
434
441
442
435
436
443
444
446
449
447
450
451
448
453
459
454
456
460
455
457
458
461
462
463
464
465
467
471
468
470
472
469
473
474
475
477
483
478
480
484
479
481
482
485
486
487
488
489
491
494
492
495
496
493
498
503
499
501
504
500
502
505
506
503
507
508
509
510
512
522
513
515
523
514
516
524
525
517
526
527
518
528
529
519
530
520
521
531
532
533
534
536
539
537
540
541
538
543
550
544
546
551
545
547
548
552
549
553
554
555
556
557
558
559
560
562
572
563
565
573
564
566
574
575
567
568
569
576
570
577
571
578
571
579
580
582
588
583
585
589
584
586
587
590
591
592
593
594
596
604
597
599
605
598
600
606
607
601
608
609
602
610
611
603
612
613
614
615
616
618
626
619
621
627
620
622
628
629
623
630
631
624
625
633
640
634
636
641
635
637
642
643
638
639
645
649
646
648
650
647
651
652
653
655
662
656
658
663
657
659
664
665
660
661
666
667
668
669
670
671
672
674
682
675
677
683
676
678
684
685
679
686
687
680
688
689
681
690
691
692
693
694
696
703
697
699
704
698
700
705
706
701
702
707
708
709
710
711
712
713
715
721
716
718
722
717
719
720
723
724
725
726
727
728
729
731
739
732
734
740
733
735
741
742
736
743
744
737
738
745
746
748
755
749
751
756
750
752
757
758
753
754
759
760
761
762
763
764
765
767
775
768
770
776
769
771
777
778
772
779
780
773
781
782
774
783
784
785
786
787
789
797
790
792
798
791
793
799
800
794
801
802
795
796
803
804
806
812
807
809
813
808
810
811
814
815
816
817
818
820
823
821
824
825
822
827
835
828
830
836
829
831
837
838
832
839
840
833
841
842
834
843
844
845
846
847
849
856
850
852
857
851
853
854
858
855
859
860
861
862
863
864
865
866
868
875
869
871
876
870
872
877
878
873
874
879
880
881
882
883
884
885
887
895
888
890
896
889
891
897
898
892
899
900
893
894
902
911
903
905
912
904
906
913
914
907
908
909
910
915
910
916
918
927
919
921
928
920
922
929
930
923
924
925
926
931
926
932
934
943
935
937
944
936
938
945
946
939
940
941
942
947
942
948
15
31
50
64
71
85
104
128
148
172
191
202
216
226
236
260
274
293
312
327
349
365
376
395
407
417
428
445
452
466
476
490
497
511
535
542
561
581
595
617
632
644
654
673
695
714
730
747
766
788
805
819
826
848
867
886
901
917
933
