1.460729971270153
0.8600414426991543
1.5253791590753287
1.5315490349637382
0.970000230037362
1.233494968779615
1.5213947912238843
0.9700008311028553
0.9700000838996492
1.5205907152721376
0.9699989425528799
0.969999862367337
1.2520134387284052
1.2517448757269782
1.4602918086218446
0.8600025169679357
1.5233936958876888
1.5315228610916285
0.9699994104764443
1.23336998204992
1.4952683375767961
0.9700018762490625
0.9700001361346223
1.3776926704869419
1.3553309165283989
1.3238731108659225
1.3733546492412514
0.930000412411307
1.322463226027499
0.9300013624353699
1.4605827947152292
0.8600006455406984
1.5256802385759067
1.5448065467919994
0.969999347784117
1.234214452250396
1.5333061963694397
1.5303552198209605
0.9700013902048886
1.5196540439188184
0.9700008663827078
0.9700004370737777
0.9699999453697894
0.9700014245158758
0.96999945658457
0.9699982646542554
0.9699998289699736
0.9700004726169015
1.466525662717649
1.4749941454549826
1.5250427998722307
1.532852349336794
0.9700011004854884
1.2341227854568422
1.4929450785233283
0.969997980334309
0.969999955539748
1.5053430060944744
0.9699997360315962
0.9699983174781662
0.9699988379129709
0.9700012645811752
1.4550903373839141
0.860000481887566
1.5159813419387742
0.9700017310232069
0.9700014885849741
1.233616415072185
1.45972273581112
0.8599993875668706
1.5250156410629114
1.5395844385149666
0.9699988363950802
1.2338557967033026
1.4326400734660252
1.52399211293339
0.9700008728014453
0.8399986223227937
0.9699998822022166
0.9699996468226894
0.969998872811268
1.4604797812374344
0.8600002135706003
1.5242691480936088
1.531008352712205
0.9700003182241361
1.233613671714291
1.529575404566529
0.9700004174533405
0.9700010030721453
1.5236256635484695
1.5243334388043703
0.9700007595120538
0.9700009596149577
0.9700008907861007
0.9700002663450796
0.9700005205933263
0.9700010651436534
0.9699997755164897
1.460748321432095
0.8600206923292277
1.5248168218969773
1.5310589719833263
0.969999430092935
1.233461953727876
1.520232174414758
0.9700010153496593
0.9700015587653683
1.5218438216558732
0.9700021066699136
0.9700003306284694
1.4605457076852264
0.9699979404263118
0.9700009301520368
1.3304044383194433
0.8600001404664325
1.3291513052557813
1.3273304626542395
0.860000832782672
0.860000680549012
0.8600005872663338
0.8599994344944745
1.459937652217341
0.8600012173907506
1.5236503727328374
1.5335095406189485
0.9700011285181973
1.2335331170573993
1.504155455265645
0.9700004222355743
0.9700008025189077
1.3884969938021505
1.3880171364888079
1.3908659801714252
0.9300007216470716
1.3903976942947869
0.9300013539953216
1.3830323617063687
0.9299995306942663
1.3826321726935407
0.9300026110500669
0.9300004877697441
1.460748321432095
0.8600206923292277
1.5248168218969773
1.5310589719833263
0.969999430092935
1.233461953727876
1.520232174414758
0.9700010153496593
0.9700015587653683
1.5218438216558732
0.9700021066699136
0.9700003306284694
1.4605457076852264
0.9699979404263118
0.9700009301520368
1.3304044383194433
0.8600001404664325
1.3291513052557813
1.3273304626542395
0.860000832782672
0.860000680549012
0.8600005872663338
0.8599994344944745
1.4604797812374344
0.8600002135706003
1.5242691480936088
1.531008352712205
0.9700003182241361
1.233613671714291
1.529575404566529
0.9700004174533405
0.9700010030721453
1.5236256635484695
1.5243334388043703
0.9700007595120538
0.9700009596149577
0.9700008907861007
0.9700002663450796
0.9700005205933263
0.9700010651436534
0.9699997755164897
1.460157581303449
0.8600782896899823
1.5245039612413742
1.5297095511786583
0.9699998167175209
1.2335262685347113
1.416893602518175
0.9700002359265687
0.9699996746349903
0.840010041726253
1.466525662717649
1.4749941454549826
1.5250427998722307
1.532852349336794
0.9700011004854884
1.2341227854568422
1.4929450785233283
0.969997980334309
0.969999955539748
1.5053430060944744
0.9699997360315962
0.9699983174781662
0.9699988379129709
0.9700012645811752
1.461157138386032
0.8600003154289595
1.5248725058463077
1.5251272127670543
0.9700021997929417
1.2339687657302996
0.9699994925885521
0.9700001407012718
0.970001693225264
1.461157138386032
0.8600003154289595
1.5248725058463077
1.5251272127670543
0.9700021997929417
1.2339687657302996
0.9699994925885521
0.9700001407012718
0.970001693225264
1.460748321432095
0.8600206923292277
1.5248168218969773
1.5310589719833263
0.969999430092935
1.233461953727876
1.520232174414758
0.9700010153496593
0.9700015587653683
1.5218438216558732
0.9700021066699136
0.9700003306284694
1.4605457076852264
0.9699979404263118
0.9700009301520368
1.3304044383194433
0.8600001404664325
1.3291513052557813
1.3273304626542395
0.860000832782672
0.860000680549012
0.8600005872663338
0.8599994344944745
1.4603182377627066
0.860000512718897
1.5250281081807724
1.5315902112628874
0.9699996387306999
1.2331114404482961
1.5150943492078865
0.9700003410114096
0.9699998875115353
1.2334925436323063
1.3271543173917415
0.8600005206872842
0.8600002909541564
1.4605827947152292
0.8600006455406984
1.5256802385759067
1.5448065467919994
0.969999347784117
1.234214452250396
1.5333061963694397
1.5303552198209605
0.9700013902048886
1.5196540439188184
0.9700008663827078
0.9700004370737777
0.9699999453697894
0.9700014245158758
0.96999945658457
0.9699982646542554
0.9699998289699736
0.9700004726169015
1.4604797812374344
0.8600002135706003
1.5242691480936088
1.531008352712205
0.9700003182241361
1.233613671714291
1.529575404566529
0.9700004174533405
0.9700010030721453
1.5236256635484695
1.5243334388043703
0.9700007595120538
0.9700009596149577
0.9700008907861007
0.9700002663450796
0.9700005205933263
0.9700010651436534
0.9699997755164897
1.460729971270153
0.8600414426991543
1.5253791590753287
1.5315490349637382
0.970000230037362
1.233494968779615
1.5213947912238843
0.9700008311028553
0.9700000838996492
1.5205907152721376
0.9699989425528799
0.969999862367337
1.2520134387284052
1.2517448757269782
1.4607972281069403
0.8600480859106132
1.5250991042068065
1.531147302785608
0.9700008143577573
1.2335425729688658
1.5209738409309839
0.9700000360468135
0.9700000442045054
1.5229051036940395
0.9700000708165637
0.9700011027017732
1.5209918941418052
0.9700024053052159
0.9699999111117148
1.4925732336827977
0.9700013766839595
0.9700003016930303
0.8900001113689088
0.8899997796676626
0.88999918324119
1.4602918086218446
0.8600025169679357
1.5233936958876888
1.5315228610916285
0.9699994104764443
1.23336998204992
1.4952683375767961
0.9700018762490625
0.9700001361346223
1.3776926704869419
1.3553309165283989
1.3238731108659225
1.3733546492412514
0.930000412411307
1.322463226027499
0.9300013624353699
1.460157581303449
0.8600782896899823
1.5245039612413742
1.5297095511786583
0.9699998167175209
1.2335262685347113
1.416893602518175
0.9700002359265687
0.9699996746349903
0.840010041726253
1.4604797812374344
0.8600002135706003
1.5242691480936088
1.531008352712205
0.9700003182241361
1.233613671714291
1.529575404566529
0.9700004174533405
0.9700010030721453
1.5236256635484695
1.5243334388043703
0.9700007595120538
0.9700009596149577
0.9700008907861007
0.9700002663450796
0.9700005205933263
0.9700010651436534
0.9699997755164897
1.4614575809146182
0.8600603463761067
1.5263743716972584
1.5322175674552643
0.9700008520958712
1.2334430321517729
1.518370235021395
0.9699999806068008
0.9700002172998743
1.2502266853813135
1.2514136545922583
1.461157138386032
0.8600003154289595
1.5248725058463077
1.5251272127670543
0.9700021997929417
1.2339687657302996
0.9699994925885521
0.9700001407012718
0.970001693225264
1.460157581303449
0.8600782896899823
1.5245039612413742
1.5297095511786583
0.9699998167175209
1.2335262685347113
1.416893602518175
0.9700002359265687
0.9699996746349903
0.840010041726253
1.4605718293399872
0.86002509686176
1.5249401635944766
1.5307488589864693
0.9700003047281375
1.2334108483814181
1.5216528812384584
0.9699973781842809
0.9700006649554432
1.5169626562555913
0.9700021530277779
0.96999946855334
1.2346613349287516
1.327913675441183
0.8599972644129792
0.8600005641353804
1.4550903373839141
0.860000481887566
1.5159813419387742
0.9700017310232069
0.9700014885849741
1.233616415072185
1.45972273581112
0.8599993875668706
1.5250156410629114
1.5395844385149666
0.9699988363950802
1.2338557967033026
1.4326400734660252
1.52399211293339
0.9700008728014453
0.8399986223227937
0.9699998822022166
0.9699996468226894
0.969998872811268
1.461157138386032
0.8600003154289595
1.5248725058463077
1.5251272127670543
0.9700021997929417
1.2339687657302996
0.9699994925885521
0.9700001407012718
0.970001693225264
1.45972273581112
0.8599993875668706
1.5250156410629114
1.5395844385149666
0.9699988363950802
1.2338557967033026
1.4326400734660252
1.52399211293339
0.9700008728014453
0.8399986223227937
0.9699998822022166
0.9699996468226894
0.969998872811268
1.4550903373839141
0.860000481887566
1.5159813419387742
0.9700017310232069
0.9700014885849741
1.233616415072185
1.466525662717649
1.4749941454549826
1.5250427998722307
1.532852349336794
0.9700011004854884
1.2341227854568422
1.4929450785233283
0.969997980334309
0.969999955539748
1.5053430060944744
0.9699997360315962
0.9699983174781662
0.9699988379129709
0.9700012645811752
1.460748321432095
0.8600206923292277
1.5248168218969773
1.5310589719833263
0.969999430092935
1.233461953727876
1.520232174414758
0.9700010153496593
0.9700015587653683
1.5218438216558732
0.9700021066699136
0.9700003306284694
1.4605457076852264
0.9699979404263118
0.9700009301520368
1.3304044383194433
0.8600001404664325
1.3291513052557813
1.3273304626542395
0.860000832782672
0.860000680549012
0.8600005872663338
0.8599994344944745
1.4550903373839141
0.860000481887566
1.5159813419387742
0.9700017310232069
0.9700014885849741
1.233616415072185
1.4605827947152292
0.8600006455406984
1.5256802385759067
1.5448065467919994
0.969999347784117
1.234214452250396
1.5333061963694397
1.5303552198209605
0.9700013902048886
1.5196540439188184
0.9700008663827078
0.9700004370737777
0.9699999453697894
0.9700014245158758
0.96999945658457
0.9699982646542554
0.9699998289699736
0.9700004726169015
1.459937652217341
0.8600012173907506
1.5236503727328374
1.5335095406189485
0.9700011285181973
1.2335331170573993
1.504155455265645
0.9700004222355743
0.9700008025189077
1.3884969938021505
1.3880171364888079
1.3908659801714252
0.9300007216470716
1.3903976942947869
0.9300013539953216
1.3830323617063687
0.9299995306942663
1.3826321726935407
0.9300026110500669
0.9300004877697441
1.45972273581112
0.8599993875668706
1.5250156410629114
1.5395844385149666
0.9699988363950802
1.2338557967033026
1.4326400734660252
1.52399211293339
0.9700008728014453
0.8399986223227937
0.9699998822022166
0.9699996468226894
0.969998872811268
1.4607972281069403
0.8600480859106132
1.5250991042068065
1.531147302785608
0.9700008143577573
1.2335425729688658
1.5209738409309839
0.9700000360468135
0.9700000442045054
1.5229051036940395
0.9700000708165637
0.9700011027017732
1.5209918941418052
0.9700024053052159
0.9699999111117148
1.4925732336827977
0.9700013766839595
0.9700003016930303
0.8900001113689088
0.8899997796676626
0.88999918324119
1.460729971270153
0.8600414426991543
1.5253791590753287
1.5315490349637382
0.970000230037362
1.233494968779615
1.5213947912238843
0.9700008311028553
0.9700000838996492
1.5205907152721376
0.9699989425528799
0.969999862367337
1.2520134387284052
1.2517448757269782
1.4614575809146182
0.8600603463761067
1.5263743716972584
1.5322175674552643
0.9700008520958712
1.2334430321517729
1.518370235021395
0.9699999806068008
0.9700002172998743
1.2502266853813135
1.2514136545922583
1.461157138386032
0.8600003154289595
1.5248725058463077
1.5251272127670543
0.9700021997929417
1.2339687657302996
0.9699994925885521
0.9700001407012718
0.970001693225264
1.4604797812374344
0.8600002135706003
1.5242691480936088
1.531008352712205
0.9700003182241361
1.233613671714291
1.529575404566529
0.9700004174533405
0.9700010030721453
1.5236256635484695
1.5243334388043703
0.9700007595120538
0.9700009596149577
0.9700008907861007
0.9700002663450796
0.9700005205933263
0.9700010651436534
0.9699997755164897
1.4607972281069403
0.8600480859106132
1.5250991042068065
1.531147302785608
0.9700008143577573
1.2335425729688658
1.5209738409309839
0.9700000360468135
0.9700000442045054
1.5229051036940395
0.9700000708165637
0.9700011027017732
1.5209918941418052
0.9700024053052159
0.9699999111117148
1.4925732336827977
0.9700013766839595
0.9700003016930303
0.8900001113689088
0.8899997796676626
0.88999918324119
1.4604797812374344
0.8600002135706003
1.5242691480936088
1.531008352712205
0.9700003182241361
1.233613671714291
1.529575404566529
0.9700004174533405
0.9700010030721453
1.5236256635484695
1.5243334388043703
0.9700007595120538
0.9700009596149577
0.9700008907861007
0.9700002663450796
0.9700005205933263
0.9700010651436534
0.9699997755164897
1.4603194001275162
0.8600264708827392
1.5255695133547091
1.544962024135767
0.9699993713943194
1.2342905470877041
1.5262950540257767
1.5258525081133798
0.9700011921954061
0.9700006998649412
0.9699995129773572
0.9699999834430678
0.9700012100184878
0.969999082313123
0.970001268121505
1.4605718293399872
0.86002509686176
1.5249401635944766
1.5307488589864693
0.9700003047281375
1.2334108483814181
1.5216528812384584
0.9699973781842809
0.9700006649554432
1.5169626562555913
0.9700021530277779
0.96999946855334
1.2346613349287516
1.327913675441183
0.8599972644129792
0.8600005641353804
1.4604797812374344
0.8600002135706003
1.5242691480936088
1.531008352712205
0.9700003182241361
1.233613671714291
1.529575404566529
0.9700004174533405
0.9700010030721453
1.5236256635484695
1.5243334388043703
0.9700007595120538
0.9700009596149577
0.9700008907861007
0.9700002663450796
0.9700005205933263
0.9700010651436534
0.9699997755164897
1.4607972281069403
0.8600480859106132
1.5250991042068065
1.531147302785608
0.9700008143577573
1.2335425729688658
1.5209738409309839
0.9700000360468135
0.9700000442045054
1.5229051036940395
0.9700000708165637
0.9700011027017732
1.5209918941418052
0.9700024053052159
0.9699999111117148
1.4925732336827977
0.9700013766839595
0.9700003016930303
0.8900001113689088
0.8899997796676626
0.88999918324119
1.4605718293399872
0.86002509686176
1.5249401635944766
1.5307488589864693
0.9700003047281375
1.2334108483814181
1.5216528812384584
0.9699973781842809
0.9700006649554432
1.5169626562555913
0.9700021530277779
0.96999946855334
1.2346613349287516
1.327913675441183
0.8599972644129792
0.8600005641353804
1.45972273581112
0.8599993875668706
1.5250156410629114
1.5395844385149666
0.9699988363950802
1.2338557967033026
1.4326400734660252
1.52399211293339
0.9700008728014453
0.8399986223227937
0.9699998822022166
0.9699996468226894
0.969998872811268
1.4550903373839141
0.860000481887566
1.5159813419387742
0.9700017310232069
0.9700014885849741
1.233616415072185
1.4607972281069403
0.8600480859106132
1.5250991042068065
1.531147302785608
0.9700008143577573
1.2335425729688658
1.5209738409309839
0.9700000360468135
0.9700000442045054
1.5229051036940395
0.9700000708165637
0.9700011027017732
1.5209918941418052
0.9700024053052159
0.9699999111117148
1.4925732336827977
0.9700013766839595
0.9700003016930303
0.8900001113689088
0.8899997796676626
0.88999918324119
1.4605827947152292
0.8600006455406984
1.5256802385759067
1.5448065467919994
0.969999347784117
1.234214452250396
1.5333061963694397
1.5303552198209605
0.9700013902048886
1.5196540439188184
0.9700008663827078
0.9700004370737777
0.9699999453697894
0.9700014245158758
0.96999945658457
0.9699982646542554
0.9699998289699736
0.9700004726169015
1.4604797812374344
0.8600002135706003
1.5242691480936088
1.531008352712205
0.9700003182241361
1.233613671714291
1.529575404566529
0.9700004174533405
0.9700010030721453
1.5236256635484695
1.5243334388043703
0.9700007595120538
0.9700009596149577
0.9700008907861007
0.9700002663450796
0.9700005205933263
0.9700010651436534
0.9699997755164897
1.460729971270153
0.8600414426991543
1.5253791590753287
1.5315490349637382
0.970000230037362
1.233494968779615
1.5213947912238843
0.9700008311028553
0.9700000838996492
1.5205907152721376
0.9699989425528799
0.969999862367337
1.2520134387284052
1.2517448757269782
1.4602918086218446
0.8600025169679357
1.5233936958876888
1.5315228610916285
0.9699994104764443
1.23336998204992
1.4952683375767961
0.9700018762490625
0.9700001361346223
1.3776926704869419
1.3553309165283989
1.3238731108659225
1.3733546492412514
0.930000412411307
1.322463226027499
0.9300013624353699
1.4602918086218446
0.8600025169679357
1.5233936958876888
1.5315228610916285
0.9699994104764443
1.23336998204992
1.4952683375767961
0.9700018762490625
0.9700001361346223
1.3776926704869419
1.3553309165283989
1.3238731108659225
1.3733546492412514
0.930000412411307
1.322463226027499
0.9300013624353699
1.4602918086218446
0.8600025169679357
1.5233936958876888
1.5315228610916285
0.9699994104764443
1.23336998204992
1.4952683375767961
0.9700018762490625
0.9700001361346223
1.3776926704869419
1.3553309165283989
1.3238731108659225
1.3733546492412514
0.930000412411307
1.322463226027499
0.9300013624353699
1.3306489169038707
1.3306489169038707
1.3306489169038707
1.3306489169038707
1.3306489169038707
1.3306489169038707
1.3306489169038707
1.3306489169038707
1.3306489169038707
1.3306489169038707
1.3306489169038707
1.3306489169038707
1.3306489169038707
1.3306489169038707
1.3306489169038707
1.3306489169038707
1.3306489169038707
1.3306489169038707
1.3306489169038707
1.3306489169038707
1.3306489169038707
1.3306489169038707
1.3306489169038707
1.3306489169038707
1.3306489169038707
1.3306489169038707
1.3306489169038707
1.3306489169038707
1.3306489169038707
1.3306489169038707
1.3306489169038707
1.3306489169038707
1.3306489169038707
1.3306489169038707
1.3306489169038707
1.3306489169038707
1.3306489169038707
1.3306489169038707
1.3306489169038707
1.3306489169038707
1.3306489169038707
1.3306489169038707
1.3306489169038707
1.3306489169038707
1.3306489169038707
1.3306489169038707
1.3306489169038707
1.3306489169038707
1.3306489169038707
1.3306489169038707
1.3306489169038707
1.3306489169038707
1.3306489169038707
1.3306489169038707
1.3306489169038707
1.3306489169038707
1.3306489169038707
1.3306489169038707
1.3306489169038707
