0.007295869819940976
0.017053467824399406
0.007364592533009255
0.00814491021925151
11.993781548659998
0.007994742332414905
0.0027842507408748856
12.017391375114736
11.970695398255742
0.0038676798304615803
11.899565470465106
11.966769052531145
0.005822549378373976
0.005710324256623105
0.006691647939019226
11.970066047594154
0.006371222641631212
0.00683759346310482
12.09864905601437
0.006762065007259736
0.012140083146107105
11.98810705425804
11.996706059579967
0.014451478757231581
0.013864913343359823
0.01466280394189154
0.01685139559255569
12.033104360071096
0.01637617374946595
11.953444356183919
0.007252648766027098
12.040827675806508
0.007565394466278673
0.004782282827083011
11.941919286444598
0.00782169213313125
0.007261166611598864
0.003216454533495593
11.937332283644874
0.0014773783118624938
11.983642557723877
12.086008374672087
12.014193777303234
11.928942701507726
11.968790552328496
11.992083533333286
11.946199394807087
11.983851637861589
0.008670446576827733
0.014533275661498186
0.007188183993981379
0.009756478869830281
11.98781960105805
0.007905375838672919
0.0014707581727407995
11.830690104692643
11.986354490691907
0.0027328495623342637
12.055658038562045
12.017700102681983
11.909573025728028
12.055356199138917
0.006068808416868634
11.947264630078916
0.009572093195661307
12.01705412974404
11.975141999060801
0.007540288190765146
0.006978310347690688
12.021293954581857
0.007275741960608722
0.004413194708659723
11.93373980563123
0.007418588628779046
0.010014344839760781
0.002495108407703443
12.067907502341251
11.964850880082514
11.992046987268717
12.040325075661142
11.999063234440928
0.007304218844125556
12.058190293607264
0.0074098269693705955
0.008082767220180835
11.970057730997322
0.007871257717373922
0.006381718052818091
12.036622905458152
12.000702572479707
0.0033852783643578653
0.003223081481264293
11.95473759542418
11.924238653087128
11.960016170223984
11.910340237539142
12.025144982721494
11.957669416719446
11.967391439930601
0.007060117668994924
0.03428138144638175
0.007280887503158535
0.007330787567259484
11.956919145162535
0.007840136772459053
0.0024388169256846152
11.961465771528811
12.010120294575485
0.00235626885224799
12.006226961516294
11.999979355918752
0.006191897335944745
12.020928356464534
12.056157991637903
0.012633647937909148
12.031260121537757
0.008510461767250075
0.008492957491607743
11.996087869082944
12.036543213873415
12.066626402010968
12.061798525375583
0.0075194312602387585
11.979203738894434
0.007331842247178407
0.007764997487506164
11.968476821342696
0.008001703391181393
0.006016268905501171
11.898706347237473
11.970056174315912
0.007878407901318196
0.007752701561436812
0.004166859349130564
12.078261837340598
0.004327349255931534
12.101647118854997
0.004008124109290417
11.964887223349484
0.00403775853650591
12.076325605193848
11.93481675241911
0.007060117668994924
0.03428138144638175
0.007280887503158535
0.007330787567259484
11.956919145162535
0.007840136772459053
0.0024388169256846152
11.961465771528811
12.010120294575485
0.00235626885224799
12.006226961516294
11.999979355918752
0.006191897335944745
12.020928356464534
12.056157991637903
0.012633647937909148
12.031260121537757
0.008510461767250075
0.008492957491607743
11.996087869082944
12.036543213873415
12.066626402010968
12.061798525375583
0.007304218844125556
12.058190293607264
0.0074098269693705955
0.008082767220180835
11.970057730997322
0.007871257717373922
0.006381718052818091
12.036622905458152
12.000702572479707
0.0033852783643578653
0.003223081481264293
11.95473759542418
11.924238653087128
11.960016170223984
11.910340237539142
12.025144982721494
11.957669416719446
11.967391439930601
0.006878629173931525
0.008450868831650984
0.00688657265355355
0.007051176989482731
12.041975169722782
0.007866615251348892
0.0052530848406732965
11.97270049820289
11.95648744999267
0.12668425653308227
0.008670446576827733
0.014533275661498186
0.007188183993981379
0.009756478869830281
11.98781960105805
0.007905375838672919
0.0014707581727407995
11.830690104692643
11.986354490691907
0.0027328495623342637
12.055658038562045
12.017700102681983
11.909573025728028
12.055356199138917
0.0071739641491608075
12.053686730079432
0.007417080810333558
0.0038989246974853887
11.994789619252298
0.0073796164462634605
11.999265520365299
12.058698454713925
11.97686416080456
0.0071739641491608075
12.053686730079432
0.007417080810333558
0.0038989246974853887
11.994789619252298
0.0073796164462634605
11.999265520365299
12.058698454713925
11.97686416080456
0.007060117668994924
0.03428138144638175
0.007280887503158535
0.007330787567259484
11.956919145162535
0.007840136772459053
0.0024388169256846152
11.961465771528811
12.010120294575485
0.00235626885224799
12.006226961516294
11.999979355918752
0.006191897335944745
12.020928356464534
12.056157991637903
0.012633647937909148
12.031260121537757
0.008510461767250075
0.008492957491607743
11.996087869082944
12.036543213873415
12.066626402010968
12.061798525375583
0.0069003775231709355
11.86787003247701
0.0069166863354004895
0.007432591209030668
12.007167353588775
0.00766173179474081
0.0039788160610832604
11.984467183141925
11.987033683698414
0.005855276325862941
0.004622240265373736
12.056969651505156
12.113394769557914
0.007252648766027098
12.040827675806508
0.007565394466278673
0.004782282827083011
11.941919286444598
0.00782169213313125
0.007261166611598864
0.003216454533495593
11.937332283644874
0.0014773783118624938
11.983642557723877
12.086008374672087
12.014193777303234
11.928942701507726
11.968790552328496
11.992083533333286
11.946199394807087
11.983851637861589
0.007304218844125556
12.058190293607264
0.0074098269693705955
0.008082767220180835
11.970057730997322
0.007871257717373922
0.006381718052818091
12.036622905458152
12.000702572479707
0.0033852783643578653
0.003223081481264293
11.95473759542418
11.924238653087128
11.960016170223984
11.910340237539142
12.025144982721494
11.957669416719446
11.967391439930601
0.007295869819940976
0.017053467824399406
0.007364592533009255
0.00814491021925151
11.993781548659998
0.007994742332414905
0.0027842507408748856
12.017391375114736
11.970695398255742
0.0038676798304615803
11.899565470465106
11.966769052531145
0.005822549378373976
0.005710324256623105
0.007419312822168005
0.014598632763235083
0.007498946440903593
0.008399825981157787
11.94192466308271
0.007837786383032482
0.0029271519390719493
11.952468121725024
12.031455430781104
0.0030642339643314033
11.935002711917836
12.056815842137318
0.0030598150437029323
11.985650290136954
11.962169691601359
0.0033173832919817597
11.938028597985827
12.003559793640935
12.035121003343702
11.99366604991059
11.996766299917672
0.006691647939019226
11.970066047594154
0.006371222641631212
0.00683759346310482
12.09864905601437
0.006762065007259736
0.012140083146107105
11.98810705425804
11.996706059579967
0.014451478757231581
0.013864913343359823
0.01466280394189154
0.01685139559255569
12.033104360071096
0.01637617374946595
11.953444356183919
0.006878629173931525
0.008450868831650984
0.00688657265355355
0.007051176989482731
12.041975169722782
0.007866615251348892
0.0052530848406732965
11.97270049820289
11.95648744999267
0.12668425653308227
0.007304218844125556
12.058190293607264
0.0074098269693705955
0.008082767220180835
11.970057730997322
0.007871257717373922
0.006381718052818091
12.036622905458152
12.000702572479707
0.0033852783643578653
0.003223081481264293
11.95473759542418
11.924238653087128
11.960016170223984
11.910340237539142
12.025144982721494
11.957669416719446
11.967391439930601
0.00706419762799522
0.0116557624442907
0.007345805364720602
0.00767543017553142
11.97090518879465
0.008053812940164608
0.003535312308272679
12.00476638092466
12.011421203174367
0.0069171747505745364
0.006256223228329594
0.0071739641491608075
12.053686730079432
0.007417080810333558
0.0038989246974853887
11.994789619252298
0.0073796164462634605
11.999265520365299
12.058698454713925
11.97686416080456
0.006878629173931525
0.008450868831650984
0.00688657265355355
0.007051176989482731
12.041975169722782
0.007866615251348892
0.0052530848406732965
11.97270049820289
11.95648744999267
0.12668425653308227
0.007153466234534093
0.028197746783019118
0.007116809640777351
0.007547759836962623
11.948667252398588
0.007803864415083305
0.002503067894707522
12.054411467537614
12.053653696317363
0.003545653703843937
12.06819193697924
11.950830405757099
0.004740469794825769
0.004331377834229654
12.075808249411478
11.993077386845643
0.006068808416868634
11.947264630078916
0.009572093195661307
12.01705412974404
11.975141999060801
0.007540288190765146
0.006978310347690688
12.021293954581857
0.007275741960608722
0.004413194708659723
11.93373980563123
0.007418588628779046
0.010014344839760781
0.002495108407703443
12.067907502341251
11.964850880082514
11.992046987268717
12.040325075661142
11.999063234440928
0.0071739641491608075
12.053686730079432
0.007417080810333558
0.0038989246974853887
11.994789619252298
0.0073796164462634605
11.999265520365299
12.058698454713925
11.97686416080456
0.006978310347690688
12.021293954581857
0.007275741960608722
0.004413194708659723
11.93373980563123
0.007418588628779046
0.010014344839760781
0.002495108407703443
12.067907502341251
11.964850880082514
11.992046987268717
12.040325075661142
11.999063234440928
0.006068808416868634
11.947264630078916
0.009572093195661307
12.01705412974404
11.975141999060801
0.007540288190765146
0.008670446576827733
0.014533275661498186
0.007188183993981379
0.009756478869830281
11.98781960105805
0.007905375838672919
0.0014707581727407995
11.830690104692643
11.986354490691907
0.0027328495623342637
12.055658038562045
12.017700102681983
11.909573025728028
12.055356199138917
0.007060117668994924
0.03428138144638175
0.007280887503158535
0.007330787567259484
11.956919145162535
0.007840136772459053
0.0024388169256846152
11.961465771528811
12.010120294575485
0.00235626885224799
12.006226961516294
11.999979355918752
0.006191897335944745
12.020928356464534
12.056157991637903
0.012633647937909148
12.031260121537757
0.008510461767250075
0.008492957491607743
11.996087869082944
12.036543213873415
12.066626402010968
12.061798525375583
0.006068808416868634
11.947264630078916
0.009572093195661307
12.01705412974404
11.975141999060801
0.007540288190765146
0.007252648766027098
12.040827675806508
0.007565394466278673
0.004782282827083011
11.941919286444598
0.00782169213313125
0.007261166611598864
0.003216454533495593
11.937332283644874
0.0014773783118624938
11.983642557723877
12.086008374672087
12.014193777303234
11.928942701507726
11.968790552328496
11.992083533333286
11.946199394807087
11.983851637861589
0.0075194312602387585
11.979203738894434
0.007331842247178407
0.007764997487506164
11.968476821342696
0.008001703391181393
0.006016268905501171
11.898706347237473
11.970056174315912
0.007878407901318196
0.007752701561436812
0.004166859349130564
12.078261837340598
0.004327349255931534
12.101647118854997
0.004008124109290417
11.964887223349484
0.00403775853650591
12.076325605193848
11.93481675241911
0.006978310347690688
12.021293954581857
0.007275741960608722
0.004413194708659723
11.93373980563123
0.007418588628779046
0.010014344839760781
0.002495108407703443
12.067907502341251
11.964850880082514
11.992046987268717
12.040325075661142
11.999063234440928
0.007419312822168005
0.014598632763235083
0.007498946440903593
0.008399825981157787
11.94192466308271
0.007837786383032482
0.0029271519390719493
11.952468121725024
12.031455430781104
0.0030642339643314033
11.935002711917836
12.056815842137318
0.0030598150437029323
11.985650290136954
11.962169691601359
0.0033173832919817597
11.938028597985827
12.003559793640935
12.035121003343702
11.99366604991059
11.996766299917672
0.007295869819940976
0.017053467824399406
0.007364592533009255
0.00814491021925151
11.993781548659998
0.007994742332414905
0.0027842507408748856
12.017391375114736
11.970695398255742
0.0038676798304615803
11.899565470465106
11.966769052531145
0.005822549378373976
0.005710324256623105
0.00706419762799522
0.0116557624442907
0.007345805364720602
0.00767543017553142
11.97090518879465
0.008053812940164608
0.003535312308272679
12.00476638092466
12.011421203174367
0.0069171747505745364
0.006256223228329594
0.0071739641491608075
12.053686730079432
0.007417080810333558
0.0038989246974853887
11.994789619252298
0.0073796164462634605
11.999265520365299
12.058698454713925
11.97686416080456
0.007304218844125556
12.058190293607264
0.0074098269693705955
0.008082767220180835
11.970057730997322
0.007871257717373922
0.006381718052818091
12.036622905458152
12.000702572479707
0.0033852783643578653
0.003223081481264293
11.95473759542418
11.924238653087128
11.960016170223984
11.910340237539142
12.025144982721494
11.957669416719446
11.967391439930601
0.007419312822168005
0.014598632763235083
0.007498946440903593
0.008399825981157787
11.94192466308271
0.007837786383032482
0.0029271519390719493
11.952468121725024
12.031455430781104
0.0030642339643314033
11.935002711917836
12.056815842137318
0.0030598150437029323
11.985650290136954
11.962169691601359
0.0033173832919817597
11.938028597985827
12.003559793640935
12.035121003343702
11.99366604991059
11.996766299917672
0.007304218844125556
12.058190293607264
0.0074098269693705955
0.008082767220180835
11.970057730997322
0.007871257717373922
0.006381718052818091
12.036622905458152
12.000702572479707
0.0033852783643578653
0.003223081481264293
11.95473759542418
11.924238653087128
11.960016170223984
11.910340237539142
12.025144982721494
11.957669416719446
11.967391439930601
0.007200083477523036
0.02420121708864347
0.0075037097047670085
0.005127792035300107
12.001065664670525
0.00792475481190465
0.0033022078500309104
0.0031417291114063228
12.012090806637417
12.032142775783727
11.988341621553397
11.980310111566506
11.953585125631477
11.987544560053419
11.996087394235689
0.007153466234534093
0.028197746783019118
0.007116809640777351
0.007547759836962623
11.948667252398588
0.007803864415083305
0.002503067894707522
12.054411467537614
12.053653696317363
0.003545653703843937
12.06819193697924
11.950830405757099
0.004740469794825769
0.004331377834229654
12.075808249411478
11.993077386845643
0.007304218844125556
12.058190293607264
0.0074098269693705955
0.008082767220180835
11.970057730997322
0.007871257717373922
0.006381718052818091
12.036622905458152
12.000702572479707
0.0033852783643578653
0.003223081481264293
11.95473759542418
11.924238653087128
11.960016170223984
11.910340237539142
12.025144982721494
11.957669416719446
11.967391439930601
0.007419312822168005
0.014598632763235083
0.007498946440903593
0.008399825981157787
11.94192466308271
0.007837786383032482
0.0029271519390719493
11.952468121725024
12.031455430781104
0.0030642339643314033
11.935002711917836
12.056815842137318
0.0030598150437029323
11.985650290136954
11.962169691601359
0.0033173832919817597
11.938028597985827
12.003559793640935
12.035121003343702
11.99366604991059
11.996766299917672
0.007153466234534093
0.028197746783019118
0.007116809640777351
0.007547759836962623
11.948667252398588
0.007803864415083305
0.002503067894707522
12.054411467537614
12.053653696317363
0.003545653703843937
12.06819193697924
11.950830405757099
0.004740469794825769
0.004331377834229654
12.075808249411478
11.993077386845643
0.006978310347690688
12.021293954581857
0.007275741960608722
0.004413194708659723
11.93373980563123
0.007418588628779046
0.010014344839760781
0.002495108407703443
12.067907502341251
11.964850880082514
11.992046987268717
12.040325075661142
11.999063234440928
0.006068808416868634
11.947264630078916
0.009572093195661307
12.01705412974404
11.975141999060801
0.007540288190765146
0.007419312822168005
0.014598632763235083
0.007498946440903593
0.008399825981157787
11.94192466308271
0.007837786383032482
0.0029271519390719493
11.952468121725024
12.031455430781104
0.0030642339643314033
11.935002711917836
12.056815842137318
0.0030598150437029323
11.985650290136954
11.962169691601359
0.0033173832919817597
11.938028597985827
12.003559793640935
12.035121003343702
11.99366604991059
11.996766299917672
0.007252648766027098
12.040827675806508
0.007565394466278673
0.004782282827083011
11.941919286444598
0.00782169213313125
0.007261166611598864
0.003216454533495593
11.937332283644874
0.0014773783118624938
11.983642557723877
12.086008374672087
12.014193777303234
11.928942701507726
11.968790552328496
11.992083533333286
11.946199394807087
11.983851637861589
0.007304218844125556
12.058190293607264
0.0074098269693705955
0.008082767220180835
11.970057730997322
0.007871257717373922
0.006381718052818091
12.036622905458152
12.000702572479707
0.0033852783643578653
0.003223081481264293
11.95473759542418
11.924238653087128
11.960016170223984
11.910340237539142
12.025144982721494
11.957669416719446
11.967391439930601
0.007295869819940976
0.017053467824399406
0.007364592533009255
0.00814491021925151
11.993781548659998
0.007994742332414905
0.0027842507408748856
12.017391375114736
11.970695398255742
0.0038676798304615803
11.899565470465106
11.966769052531145
0.005822549378373976
0.005710324256623105
0.006691647939019226
11.970066047594154
0.006371222641631212
0.00683759346310482
12.09864905601437
0.006762065007259736
0.012140083146107105
11.98810705425804
11.996706059579967
0.014451478757231581
0.013864913343359823
0.01466280394189154
0.01685139559255569
12.033104360071096
0.01637617374946595
11.953444356183919
0.006691647939019226
11.970066047594154
0.006371222641631212
0.00683759346310482
12.09864905601437
0.006762065007259736
0.012140083146107105
11.98810705425804
11.996706059579967
0.014451478757231581
0.013864913343359823
0.01466280394189154
0.01685139559255569
12.033104360071096
0.01637617374946595
11.953444356183919
0.006691647939019226
11.970066047594154
0.006371222641631212
0.00683759346310482
12.09864905601437
0.006762065007259736
0.012140083146107105
11.98810705425804
11.996706059579967
0.014451478757231581
0.013864913343359823
0.01466280394189154
0.01685139559255569
12.033104360071096
0.01637617374946595
11.953444356183919
0.012150065782804413
0.012150065782804413
0.012150065782804413
0.012150065782804413
0.012150065782804413
0.012150065782804413
0.012150065782804413
0.012150065782804413
0.012150065782804413
0.012150065782804413
0.012150065782804413
0.012150065782804413
0.012150065782804413
0.012150065782804413
0.012150065782804413
0.012150065782804413
0.012150065782804413
0.012150065782804413
0.012150065782804413
0.012150065782804413
0.012150065782804413
0.012150065782804413
0.012150065782804413
0.012150065782804413
0.012150065782804413
0.012150065782804413
0.012150065782804413
0.012150065782804413
0.012150065782804413
0.012150065782804413
0.012150065782804413
0.012150065782804413
0.012150065782804413
0.012150065782804413
0.012150065782804413
0.012150065782804413
0.012150065782804413
0.012150065782804413
0.012150065782804413
0.012150065782804413
0.012150065782804413
0.012150065782804413
0.012150065782804413
0.012150065782804413
0.012150065782804413
0.012150065782804413
0.012150065782804413
0.012150065782804413
0.012150065782804413
0.012150065782804413
0.012150065782804413
0.012150065782804413
0.012150065782804413
0.012150065782804413
0.012150065782804413
0.012150065782804413
0.012150065782804413
0.012150065782804413
0.012150065782804413
