0
0
1
1
1
2
4
4
4
5
5
5
6
6
15
15
16
16
16
17
19
19
19
20
20
21
22
22
23
23
31
31
32
32
32
33
35
35
35
36
36
36
37
37
37
38
38
38
50
50
51
51
51
52
54
54
54
55
55
55
56
56
64
64
65
65
65
66
71
71
72
72
72
73
75
75
75
76
77
77
77
85
85
86
86
86
87
89
89
89
90
90
90
91
91
91
92
92
92
104
104
105
105
105
106
108
108
108
109
109
109
110
110
110
111
111
112
112
113
113
114
114
128
128
129
129
129
130
132
132
132
133
133
134
134
135
135
136
136
137
137
138
148
148
149
149
149
150
152
152
152
153
153
153
154
154
154
155
155
156
156
157
157
158
158
172
172
173
173
173
174
176
176
176
177
177
177
178
178
178
179
179
179
191
191
192
192
192
193
195
195
195
196
202
202
203
203
203
204
206
206
206
207
207
207
208
208
216
216
217
217
217
218
220
220
220
226
226
227
227
227
228
230
230
230
236
236
237
237
237
238
240
240
240
241
241
241
242
242
242
243
243
244
244
245
245
246
246
260
260
261
261
261
262
264
264
264
265
265
267
267
274
274
275
275
275
276
278
278
278
279
279
279
280
280
280
281
281
281
293
293
294
294
294
295
297
297
297
298
298
298
299
299
299
300
300
300
312
312
313
313
313
314
316
316
316
317
317
317
318
318
327
327
328
328
328
329
331
331
331
332
332
332
333
333
333
334
334
334
335
335
335
349
349
350
350
350
351
353
353
353
354
354
355
356
356
357
357
365
365
366
366
366
367
369
369
369
370
376
376
377
377
377
378
380
380
380
381
381
381
382
382
382
383
383
383
395
395
396
396
396
397
399
399
399
400
400
407
407
408
408
408
409
411
411
411
417
417
418
418
418
419
421
421
421
422
428
428
429
429
429
430
432
432
432
433
433
433
434
434
436
436
445
445
446
446
446
447
452
452
453
453
453
454
456
456
456
457
458
458
458
466
466
467
467
467
468
470
470
470
476
476
477
477
477
478
480
480
480
481
482
482
482
490
490
491
491
491
492
497
497
498
498
498
499
501
501
501
502
502
502
503
503
511
511
512
512
512
513
515
515
515
516
516
516
517
517
517
518
518
519
519
520
520
521
521
535
535
536
536
536
537
542
542
543
543
543
544
546
546
546
547
547
547
548
548
548
549
549
549
561
561
562
562
562
563
565
565
565
566
566
567
567
568
568
569
569
570
570
571
581
581
582
582
582
583
585
585
585
586
587
587
587
595
595
596
596
596
597
599
599
599
600
600
600
601
601
601
602
602
602
603
603
603
617
617
618
618
618
619
621
621
621
622
622
622
623
623
632
632
633
633
633
634
636
636
636
637
637
644
644
645
645
645
646
648
648
648
654
654
655
655
655
656
658
658
658
659
659
659
660
660
660
661
661
661
673
673
674
674
674
675
677
677
677
678
678
678
679
679
679
680
680
680
681
681
681
695
695
696
696
696
697
699
699
699
700
700
700
701
701
701
702
702
702
714
714
715
715
715
716
718
718
718
719
719
719
720
720
720
730
730
731
731
731
732
734
734
734
735
735
735
736
736
738
738
747
747
748
748
748
749
751
751
751
752
752
752
753
753
753
754
754
754
766
766
767
767
767
768
770
770
770
771
771
771
772
772
772
773
773
773
774
774
774
788
788
789
789
789
790
792
792
792
793
793
793
794
794
796
796
805
805
806
806
806
807
809
809
809
810
811
811
811
819
819
820
820
820
821
826
826
827
827
827
828
830
830
830
831
831
831
832
832
832
833
833
833
834
834
834
848
848
849
849
849
850
852
852
852
853
853
853
854
854
854
855
855
855
867
867
868
868
868
869
871
871
871
872
872
872
873
873
873
874
874
874
886
886
887
887
887
888
890
890
890
891
891
891
892
892
901
901
902
902
902
903
905
905
905
906
906
907
908
908
909
909
917
917
918
918
918
919
921
921
921
922
922
923
924
924
925
925
933
933
934
934
934
935
937
937
937
938
938
939
940
940
941
941
2
17
33
52
66
73
87
106
130
150
174
193
204
218
228
238
262
276
295
314
329
351
367
378
397
409
419
430
447
454
468
478
492
499
513
537
544
563
583
597
619
634
646
656
675
697
716
732
749
768
790
807
821
828
850
869
888
903
919
