-5.545135932560589	-5.489677555321391	15.38500632244468	
-4.227135932560589	-6.171677555321393	15.14500632244468	
-3.016135932560589	-5.306677555321391	15.537006322444679	
-2.0521359325605886	-5.835677555321391	16.15900632244468	
-4.048135932560589	-6.59967755532139	13.68700632244468	
-4.189135932560589	-8.094677555321391	13.45300632244468	
-3.8691359325605887	-8.490677555321392	12.024006322444679	
-4.596135932560589	-8.054677555321392	11.10700632244468	
-2.8871359325605894	-9.235677555321393	11.81800632244468	
-6.208135932560589	-6.031677555321393	15.14200632244468	
-4.256135932560589	-6.953677555321393	15.71800632244468	
-4.7011359325605895	-6.134677555321391	13.14200632244468	
-3.1721359325605896	-6.316677555321393	13.383006322444679	
-3.599135932560589	-8.57067755532139	14.05800632244468	
-5.095135932560589	-8.368677555321392	13.66700632244468	
-3.0601359325605895	-4.010677555321392	15.216006322444679	
-1.8961359325605898	-3.162677555321393	15.56100632244468	
-2.285135932560589	-2.0226775553213923	16.46500632244468	
-3.450135932560589	-1.6896775553213903	16.57400632244468	
-1.2651359325605895	-2.55267755532139	14.29100632244468	
-1.1741359325605885	-3.489677555321391	13.13800632244468	
-0.3311359325605885	-4.595677555321393	13.130006322444679	
-1.846135932560589	-3.508677555321393	11.95900632244468	
-0.49413593256058874	-5.252677555321393	11.995006322444679	
-1.4081359325605884	-4.61367755532139	11.265006322444679	
-3.7121359325605887	-3.61367755532139	14.82000632244468	
-1.2631359325605889	-3.7406775553213922	16.01500632244468	
-1.7851359325605891	-1.7786775553213925	14.024006322444679	
-0.3741359325605895	-2.234677555321392	14.50600632244468	
-2.4821359325605883	-2.8926775553213933	11.67400632244468	
-0.047135932560589566	-6.02967755532139	11.74700632244468	
-1.3171359325605891	-1.4196775553213907	17.147006322444682	
-1.5751359325605883	-0.28267755532139205	17.98900632244468	
-1.9341359325605882	0.8823224446786089	17.07500632244468	
-1.311135932560589	1.0863224446786077	16.028006322444682	
-0.29313593256058823	0.08532244467860828	18.75800632244468	
0.10086406743941012	-1.037677555321391	19.68700632244468	
-0.4311359325605899	1.4213224446786086	19.44400632244468	
1.3678640674394114	-0.6126775553213921	20.44200632244468	
-0.4931359325605893	-1.665677555321393	17.12800632244468	
-2.28713593256059	-0.47767755532139233	18.61800632244468	
0.43786406743941164	0.1923224446786076	18.12900632244468	
-0.6171359325605899	-1.2286775553213918	20.31100632244468	
0.26286406743941093	-1.8516775553213929	19.18400632244468	
0.3888640674394104	1.627322444678608	19.91900632244468	
-0.6021359325605893	2.109322444678609	18.78200632244468	
-1.1691359325605895	1.388322444678609	20.07300632244468	
1.637864067439411	-1.3216775553213918	21.04600632244468	
2.0808640674394105	-0.4396775553213921	19.80700632244468	
1.1868640674394104	0.19332244467860882	20.95100632244468	
-2.9891359325605897	1.6663224446786078	17.39400632244468	
-3.3451359325605887	2.7983224446786092	16.52400632244468	
-2.29013593256059	3.7853224446786076	16.28200632244468	
-1.5421359325605888	4.112322444678609	17.22500632244468	
-4.553135932560589	3.507322444678609	17.275006322444682	
-5.1931359325605895	2.275322444678608	17.98300632244468	
-3.998135932560589	1.4823224446786085	18.49000632244468	
-3.5441359325605895	2.4533224446786086	15.640006322444679	
-4.254135932560589	4.182322444678608	17.90400632244468	
-5.166135932560589	3.9423224446786076	16.66200632244468	
-5.775135932560589	2.5463224446786086	18.71100632244468	
-5.732135932560589	1.752322444678608	17.36900632244468	
-3.6741359325605893	1.8223224446786084	19.33900632244468	
-4.2171359325605895	0.547322444678608	18.62400632244468	
-2.2571359325605886	4.337322444678609	15.060006322444679	
-1.2581359325605899	5.339322444678608	14.75900632244468	
0.21286406743941022	4.895322444678609	14.51900632244468	
1.0998640674394107	5.718322444678609	14.326006322444679	
-2.7931359325605882	4.144322444678609	14.41600632244468	
-1.5521359325605886	5.816322444678608	13.967006322444679	
-1.2551359325605898	5.977322444678608	15.49000632244468	
0.35386406743941023	3.5803224446786093	14.422006322444679	
1.6918640674394112	3.045322444678609	14.191006322444679	
1.9908640674394107	2.715322444678609	12.73700632244468	
3.11686406743941	2.326322444678608	12.44900632244468	
1.9758640674394101	1.8303224446786093	14.970006322444679	
1.1158640674394107	0.7533224446786093	14.70300632244468	
1.9338640674394103	2.170322444678609	16.51500632244468	
-0.2791359325605889	3.0013224446786086	14.483006322444679	
2.2608640674394103	3.775322444678608	14.48100632244468	
2.8598640674394105	1.539322444678609	14.697006322444679	
0.3898640674394116	0.8673224446786083	15.11000632244468	
2.1208640674394115	1.3683224446786078	17.028006322444682	
2.60086406743941	2.845322444678608	16.71600632244468	
1.0538640674394113	2.505322444678608	16.74900632244468	
1.0148640674394116	2.861322444678608	11.832006322444679	
1.3338640674394107	2.518322444678608	10.447006322444679	
2.5148640674394116	3.2903224446786083	9.88300632244468	
3.36386406743941	2.624322444678608	9.17000632244468	
0.045864067439410405	2.637322444678608	9.56800632244468	
0.24586406743941147	2.2803224446786086	8.03900632244468	
0.7688640674394112	0.7983224446786092	7.966006322444679	
-1.1901359325605885	2.4603224446786083	7.338006322444679	
0.2148640674394109	3.138322444678609	11.986006322444679	
1.6318640674394107	1.595322444678608	10.431006322444679	
-0.63613593256059	2.0543224446786077	9.93600632244468	
-0.29113593256058934	3.544322444678608	9.63300632244468	
0.8898640674394116	2.8473224446786087	7.586006322444679	
0.9018640674394103	0.547322444678608	7.0390063224446795	
1.6098640674394105	0.728322444678609	8.44400632244468	
0.11686406743941014	0.20432244467860805	8.37100632244468	
-1.1181359325605893	2.2513224446786086	6.394006322444679	
-1.830135932560589	1.861322444678608	7.753006322444679	
-1.4891359325605897	3.377322444678608	7.44400632244468	
2.675864067439411	4.581322444678609	10.16900632244468	
3.7778640674394115	5.3893224446786085	9.71400632244468	
5.117864067439411	4.648322444678609	9.992006322444679	
6.007864067439412	4.546322444678609	9.17100632244468	
3.78686406743941	6.738322444678609	10.50900632244468	
5.10786406743941	7.526322444678608	10.399006322444679	
5.0278640674394115	8.874322444678608	11.226006322444679	
6.170864067439412	9.723322444678608	10.967006322444679	
6.32586406743941	10.914322444678609	11.55100632244468	
5.417864067439412	11.359322444678607	12.41400632244468	
7.3758640674394105	11.652322444678608	11.261006322444679	
2.11686406743941	5.019322444678609	10.65400632244468	
3.6818640674394114	5.556322444678608	8.76300632244468	
3.060864067439411	7.296322444678609	10.188006322444679	
3.6098640674394105	6.552322444678609	11.444006322444679	
5.841864067439412	6.983322444678609	10.72700632244468	
5.294864067439411	7.723322444678608	9.46800632244468	
4.21286406743941	9.348322444678608	10.99700632244468	
4.981864067439412	8.672322444678608	12.17400632244468	
6.7728640674394125	9.450322444678608	10.41600632244468	
4.727864067439411	10.880322444678608	12.598006322444679	
5.519864067439412	12.126322444678609	12.78900632244468	
7.958864067439412	11.367322444678608	10.697006322444679	
7.478864067439412	12.419322444678608	11.63500632244468	
5.16586406743941	4.0433224446786085	11.16400632244468	
6.469864067439412	3.457322444678608	11.65300632244468	
6.6478640674394125	2.057322444678608	11.15800632244468	
7.77086406743941	1.5413224446786078	11.245006322444679	
6.441864067439409	3.427322444678609	13.23800632244468	
6.413864067439411	4.835322444678608	13.79800632244468	
7.577864067439412	5.558322444678609	13.82800632244468	
5.222864067439412	5.436322444678609	14.184006322444679	
7.608864067439411	6.928322444678608	14.23400632244468	
5.256864067439411	6.802322444678609	14.59600632244468	
6.46286406743941	7.509322444678609	14.591006322444679	
4.496864067439411	3.9473224446786084	11.69600632244468	
7.20086406743941	4.002322444678608	11.322006322444679	
5.6628640674394095	2.9373224446786086	13.543006322444679	
7.221864067439411	2.9563224446786087	13.57100632244468	
8.37186406743941	5.144322444678609	13.576006322444679	
4.4238640674394105	4.961322444678608	14.17400632244468	
8.408864067439412	7.403322444678609	14.249006322444679	
4.473864067439411	7.223322444678608	14.86900632244468	
6.46586406743941	8.40432244467861	14.842006322444679	
5.57286406743941	1.4313224446786084	10.64500632244468	
5.61986406743941	0.04432244467860791	10.15000632244468	
5.762864067439411	-0.03667755532139161	8.64400632244468	
5.9128640674394095	-1.1126775553213921	8.13400632244468	
4.2938640674394115	-0.771677555321391	10.543006322444679	
4.140864067439411	-0.8716775553213907	12.12600632244468	
2.9108640674394106	-1.6916775553213927	12.53200632244468	
1.6098640674394105	-0.952677555321392	12.37100632244468	
0.7428640674394114	-1.1586775553213915	11.41100632244468	
0.9538640674394117	-2.06167755532139	10.466006322444679	
-0.4331359325605888	-0.41267755532139105	11.383006322444679	
4.798864067439412	1.8003224446786081	10.575006322444679	
6.400864067439413	-0.34467755532139144	10.57300632244468	
3.5148640674394116	-0.3336775553213922	10.165006322444679	
4.331864067439412	-1.6626775553213928	10.16000632244468	
4.937864067439412	-1.2766775553213918	12.502006322444679	
4.07186406743941	0.020322444678608775	12.50100632244468	
2.8818640674394107	-2.5016775553213915	11.999006322444679	
3.0058640674394113	-1.9646775553213924	13.45800632244468	
1.4208640674394104	-0.348677555321391	12.954006322444679	
1.6748640674394117	-2.5306775553213914	10.473006322444679	
0.36986406743941025	-2.1796775553213923	9.84600632244468	
-0.5841359325605886	0.17532244467860814	11.992006322444679	
-1.0081359325605899	-0.5406775553213912	10.75700632244468	
5.760864067439412	1.1093224446786092	7.98600632244468	
5.919864067439411	1.1173224446786083	6.52600632244468	
7.400864067439413	0.7863224446786088	6.142006322444679	
8.27986406743941	1.5403224446786083	6.567006322444679	
5.637864067439411	2.489322444678608	5.91200632244468	
4.19986406743941	3.0043224446786088	5.927006322444679	
4.1848640674394115	4.302322444678609	5.081006322444679	
3.3038640674394113	2.063322444678608	5.29500632244468	
5.670864067439412	1.8833224446786083	8.34900632244468	
5.288864067439411	0.4613224446786077	6.19100632244468	
6.190864067439412	3.1393224446786085	6.373006322444679	
5.935864067439409	2.468322444678609	4.98900632244468	
3.9128640674394113	3.143322444678608	6.84300632244468	
3.2858640674394106	4.666322444678608	5.0630063224446795	
4.788864067439411	4.952322444678609	5.47400632244468	
4.470864067439411	4.102322444678608	4.17600632244468	
2.39886406743941	2.4123224446786082	5.31700632244468	
3.5748640674394103	1.9273224446786088	4.3740063224446795	
3.33486406743941	1.217322444678608	5.76900632244468	
7.61386406743941	-0.24267755532139113	5.320006322444679	
8.981864067439412	-0.48867755532139157	4.77100632244468	
9.330864067439412	0.6393224446786085	3.84600632244468	
8.49686406743941	1.3603224446786086	3.2230063224446797	
9.004864067439412	-1.7946775553213907	4.03000632244468	
8.086864067439413	-1.729677555321393	2.88300632244468	
7.010864067439412	-0.8016775553213922	5.06600632244468	
9.629864067439412	-0.5346775553213909	5.49200632244468	
9.90486406743941	-1.9876775553213921	3.7250063224446794	
8.745864067439411	-2.5176775553213933	4.62300632244468	
7.30286406743941	-1.8856775553213918	3.1420063224446797	
10.664864067439412	0.9163224446786078	3.6580063224446797	
11.07086406743941	1.962322444678609	2.7490063224446795	
10.582864067439411	1.669322444678608	1.3030063224446797	
10.19886406743941	2.6233224446786085	0.5940063224446797	
12.65686406743941	1.8873224446786079	2.81400632244468	
12.87186406743941	1.4503224446786085	4.24400632244468	
11.762864067439411	0.3333224446786076	4.5150063224446795	
10.70686406743941	2.8303224446786093	2.98400632244468	
13.019864067439412	1.2513224446786086	2.1780063224446797	
13.071864067439412	2.7433224446786078	2.6260063224446797	
13.76486406743941	1.0943224446786086	4.371006322444679	
12.77386406743941	2.196322444678609	4.85600632244468	
12.03786406743941	-0.5516775553213922	4.2280063224446796	
11.515864067439411	0.2633224446786091	5.451006322444679	
10.56986406743941	0.417322444678609	0.9050063224446796	
10.086864067439413	0.07332244467860782	-0.4739936775553202	
8.59686406743941	0.41232244467860824	-0.6129936775553204	
8.254864067439412	1.060322444678608	-1.5959936775553205	
10.327864067439412	-1.3716775553213907	-0.7289936775553205	
10.82286406743941	-0.25167755532139147	1.3820063224446795	
10.57386406743941	0.5953224446786081	-1.1309936775553202	
10.01786406743941	-1.5996775553213904	-1.6189936775553202	
11.27686406743941	-1.5586775553213918	-0.6599936775553206	
9.84686406743941	-1.9006775553213924	-0.07399367755532027	
7.855864067439411	0.06832244467860882	0.45400632244467953	
6.455864067439412	0.4453224446786077	0.35500632244467956	
6.266864067439412	1.914322444678609	0.32600632244467964	
5.42186406743941	2.4423224446786076	-0.4649936775553203	
5.691864067439409	-0.20967755532139165	1.5990063224446796	
8.114864067439411	-0.3386775553213912	1.1660063224446797	
6.092864067439409	0.11832244467860775	-0.4829936775553205	
4.7508640674394105	0.024322444678608335	1.5610063224446797	
5.785864067439411	-1.1746775553213915	1.5650063224446797	
6.074864067439412	0.12332244467860853	2.4260063224446795	
6.9448640674394095	2.646322444678608	1.2450063224446795	
6.77386406743941	4.080322444678609	1.2790063224446797	
7.117864067439411	4.753322444678609	-0.07799367755532027	
6.413864067439411	5.731322444678609	-0.41999367755532035	
7.589864067439413	4.691322444678608	2.4830063224446794	
7.316864067439409	6.169322444678608	2.62500632244468	
8.16286406743941	6.805322444678608	3.75300632244468	
7.93686406743941	6.239322444678608	5.12200632244468	
6.99786406743941	6.6683224446786085	5.9700063224446795	
6.879864067439412	6.116322444678609	7.171006322444679	
6.16886406743941	7.642322444678609	5.59000632244468	
7.486864067439411	2.3253224446786085	1.8310063224446795	
5.833864067439412	4.269322444678609	1.4260063224446795	
7.35186406743941	4.234322444678609	3.3050063224446795	
8.53886406743941	4.546322444678609	2.3420063224446794	
7.509864067439411	6.6153224446786085	1.7860063224446796	
6.374864067439409	6.307322444678608	2.8100063224446794	
9.100864067439412	6.705322444678608	3.5290063224446797	
7.977864067439411	7.757322444678609	3.7780063224446794	
8.44586406743941	5.595322444678608	5.379006322444679	
7.408864067439412	5.480322444678608	7.4060063224446795	
6.274864067439411	6.394322444678609	7.71500632244468	
6.24186406743941	7.987322444678608	4.80600632244468	
5.56186406743941	7.924322444678609	6.129006322444679	
8.15786406743941	4.276322444678609	-0.8469936775553204	
8.484864067439412	4.8093224446786085	-2.1209936775553206	
7.32286406743941	4.508322444678608	-3.1569936775553202	
6.95386406743941	5.427322444678609	-3.8659936775553208	
9.82086406743941	4.097322444678609	-2.5189936775553203	
10.248864067439412	4.4183224446786085	-3.8919936775553206	
10.327864067439412	3.5533224446786082	-4.793993677555321	
10.47686406743941	5.677322444678609	-4.09099367755532	
8.667864067439412	3.6293224446786088	-0.6009936775553204	
8.588864067439411	5.773322444678609	-2.1119936775553203	
10.518864067439411	4.3573224446786085	-1.8979936775553206	
9.708864067439412	3.137322444678608	-2.4349936775553207	
10.69486406743941	5.956322444678609	-4.87499367755532	
10.40986406743941	6.234322444678609	-3.4389936775553203	
6.820864067439411	3.2773224446786084	-3.1239936775553208	
5.737864067439412	2.9393224446786093	-4.083993677555321	
4.464864067439411	3.7703224446786088	-3.743993677555321	
3.8088640674394103	4.365322444678608	-4.669993677555321	
5.46586406743941	1.4773224446786077	-3.9579936775553204	
6.632864067439412	0.6983224446786078	-4.570993677555321	
4.105864067439411	1.0993224446786076	-4.6949936775553205	
6.68086406743941	-0.739677555321391	-4.2109936775553205	
7.065864067439412	2.6473224446786077	-2.5919936775553207	
5.99786406743941	3.1493224446786083	-4.99499367755532	
5.376864067439412	1.2463224446786079	-3.0199936775553207	
6.583864067439412	0.7753224446786078	-5.536993677555321	
7.463864067439411	1.1153224446786076	-4.294993677555321	
3.9428640674394106	0.14732244467860767	-4.604993677555321	
3.3728640674394104	1.592322444678608	-4.293993677555321	
4.172864067439411	1.3273224446786092	-5.634993677555321	
7.445864067439411	-1.1556775553213914	-4.63899367755532	
6.760864067439412	-0.8296775553213909	-3.2489936775553208	
5.867864067439411	-1.175677555321391	-4.509993677555321	
4.108864067439411	3.853322444678609	-2.488993677555321	
2.884864067439411	4.673322444678609	-2.129993677555321	
3.0308640674394116	6.096322444678609	-2.488993677555321	
2.0758640674394115	6.739322444678608	-2.969993677555321	
2.627864067439411	4.486322444678608	-0.6339936775553203	
2.512864067439411	3.0863224446786077	-0.04799367755532047	
2.5588640674394103	3.0753224446786085	1.4950063224446797	
1.1078640674394116	2.749322444678608	-0.39999367755532034	
4.51386406743941	3.4773224446786077	-1.8299936775553205	
2.1228640674394104	4.362322444678609	-2.6439936775553203	
3.342864067439411	4.939322444678609	-0.15999367755532057	
1.8058640674394102	4.955322444678609	-0.4219936775553206	
3.2218640674394106	2.5063224446786077	-0.3669936775553204	
2.4818640674394103	2.1623224446786082	1.8150063224446795	
3.3998640674394114	3.4533224446786086	1.7970063224446795	
1.8238640674394109	3.603322444678609	1.8450063224446795	
0.8978640674394107	1.8593224446786092	-0.07699367755532038	
0.5078640674394101	3.3923224446786087	0.010006322444679583	
0.999864067439411	2.776322444678609	-1.3639936775553203	
4.195864067439411	6.705322444678608	-2.2649936775553208	
4.346864067439411	8.100322444678609	-2.650993677555321	
4.315864067439412	8.249322444678608	-4.131993677555321	
3.66486406743941	9.236322444678608	-4.655993677555321	
5.720864067439409	8.591322444678609	-2.0669936775553204	
5.632864067439412	8.678322444678608	-0.6699936775553204	
6.931864067439411	9.089322444678608	0.013006322444679697	
8.00586406743941	8.985322444678609	-0.6889936775553205	
6.83186406743941	9.492322444678608	1.2250063224446797	
4.885864067439412	6.3413224446786085	-1.9039936775553203	
3.6158640674394107	8.633322444678608	-2.3019936775553207	
6.42786406743941	7.976322444678608	-2.3179936775553207	
5.95086406743941	9.456322444678609	-2.4399936775553206	
4.940864067439412	9.318322444678609	-0.4389936775553205	
5.352864067439411	7.818322444678609	-0.3189936775553204	
4.967864067439409	7.3653224446786085	-4.907993677555321	
5.065864067439412	7.454322444678608	-6.391993677555321	
3.6578640674394105	7.452322444678608	-6.994993677555321	
3.361864067439411	8.202322444678607	-7.917993677555321	
5.871864067439409	6.272322444678608	-6.950993677555321	
5.8098640674394115	6.171322444678609	-8.42699367755532	
6.64286406743941	5.017322444678609	-9.00899367755532	
6.4298640674394125	5.080322444678609	-10.59899367755532	
6.937864067439412	3.951322444678608	-11.49899367755532	
5.3758640674394105	6.680322444678608	-4.58499367755532	
5.521864067439411	8.277322444678608	-6.62799367755532	
6.797864067439411	6.361322444678608	-6.67699367755532	
5.538864067439411	5.448322444678608	-6.561993677555321	
4.884864067439411	6.058322444678609	-8.69599367755532	
6.11686406743941	7.0063224446786085	-8.81299367755532	
7.579864067439411	5.115322444678608	-8.779993677555321	
6.350864067439412	4.163322444678608	-8.65299367755532	
5.47686406743941	5.164322444678609	-10.75599367755532	
6.841864067439412	5.901322444678609	-10.90999367755532	
6.74186406743941	4.136322444678608	-12.34699367755532	
7.8198640674394095	3.8733224446786085	-11.408993677555321	
6.54686406743941	3.186322444678609	-11.26499367755532	
2.7808640674394116	6.7003224446786085	-6.36299367755532	
1.406864067439411	6.5063224446786085	-6.92699367755532	
0.38786406743941093	7.2323224446786085	-6.16099367755532	
-0.8441359325605884	7.0433224446786085	-6.452993677555321	
1.0978640674394118	4.991322444678609	-6.959993677555321	
1.9018640674394103	4.2163224446786085	-7.937993677555321	
1.6768640674394106	4.278322444678608	-9.30699367755532	
3.0358640674394106	3.489322444678608	-7.78499367755532	
2.6358640674394103	3.6173224446786083	-9.930993677555321	
3.4738640674394112	3.119322444678609	-9.026993677555321	
2.9318640674394114	6.291322444678608	-5.621993677555321	
1.3838640674394114	6.870322444678608	-7.825993677555321	
1.2458640674394115	4.624322444678608	-6.074993677555321	
0.1578640674394105	4.869322444678609	-7.16399367755532	
3.4448640674394113	3.279322444678609	-6.9769936775553205	
2.7118640674394108	3.5173224446786087	-10.85199367755532	
0.7358640674394117	8.113322444678609	-5.2189936775553205	
-0.2171359325605895	8.844322444678609	-4.37799367755532	
-1.2631359325605889	7.978322444678608	-3.7829936775553206	
-2.4801359325605894	8.270322444678609	-3.88299367755532	
-0.9021359325605882	9.930322444678609	-5.176993677555321	
0.12186406743941092	10.799322444678609	-5.62799367755532	
1.5558640674394102	8.307322444678608	-5.046993677555321	
0.30786406743941086	9.220322444678608	-3.6549936775553205	
-1.3901359325605895	9.553322444678608	-5.92599367755532	
-1.545135932560589	10.408322444678609	-4.63099367755532	
-0.2171359325605895	11.420322444678607	-6.08099367755532	
-0.8101359325605895	6.939322444678608	-3.1129936775553206	
-1.7031359325605884	5.948322444678608	-2.4529936775553205	
-1.7931359325605882	6.120322444678608	-0.9739936775553202	
-0.85413593256059	6.4903224446786085	-0.29199367755532024	
-1.2461359325605894	4.491322444678609	-2.7609936775553203	
-1.0261359325605888	4.087322444678609	-4.235993677555321	
-0.16613593256058934	2.9183224446786085	-4.37299367755532	
-2.3151359325605885	3.839322444678608	-4.89099367755532	
0.026864067439410277	6.769322444678608	-3.01599367755532	
-2.5841359325605886	6.111322444678608	-2.823993677555321	
-0.41613593256058934	4.335322444678608	-2.2849936775553203	
-1.9061359325605896	3.888322444678609	-2.384993677555321	
-0.5751359325605883	4.829322444678608	-4.668993677555321	
-0.0581359325605888	2.704322444678608	-5.312993677555321	
0.701864067439411	3.1073224446786085	-3.9829936775553207	
-0.5691359325605898	2.164322444678609	-3.913993677555321	
-2.16513593256059	3.5863224446786077	-5.814993677555321	
-2.779135932560589	3.122322444678609	-4.43099367755532	
-2.85413593256059	4.645322444678609	-4.8599936775553205	
-2.9291359325605892	5.650322444678608	-0.41999367755532035	
-3.2641359325605883	5.743322444678608	0.9890063224446797	
-2.9371359325605884	4.379322444678609	1.6400063224446797	
-3.745135932560589	3.4473224446786084	1.3240063224446796	
-4.809135932560589	6.008322444678608	1.0140063224446796	
-5.386135932560589	6.048322444678609	2.4660063224446795	
-4.562135932560589	5.886322444678608	3.43100632244468	
-6.670135932560589	6.249322444678608	2.61200632244468	
-3.5381359325605892	5.257322444678609	-0.8829936775553204	
-2.7801359325605883	6.436322444678608	1.4650063224446797	
-4.997135932560589	6.850322444678609	0.5710063224446795	
-5.261135932560589	5.315322444678609	0.5080063224446796	
-1.862135932560589	4.165322444678608	2.4050063224446796	
-1.5551359325605887	2.875322444678609	2.9660063224446795	
-2.638135932560589	2.300322444678608	3.9090063224446796	
-2.6741359325605885	1.1203224446786084	4.18100632244468	
-0.11913593256058874	2.8193224446786083	3.7880063224446796	
-1.2941359325605895	4.778322444678608	2.6070063224446796	
-1.5041359325605885	2.3283224446786086	2.1670063224446796	
0.019864067439410604	1.9243224446786087	4.13600632244468	
0.6068640674394103	3.0493224446786087	3.1870063224446796	
-0.14213593256058843	3.451322444678608	4.5230063224446795	
-3.4771359325605893	3.244322444678609	4.39900632244468	
-4.446135932560589	2.6873224446786086	5.334006322444679	
-5.538135932560589	1.8523224446786077	4.60600632244468	
-6.284135932560589	1.0993224446786076	5.25300632244468	
-5.048135932560589	3.839322444678608	6.15700632244468	
-5.936135932560589	4.505322444678608	5.34300632244468	
-3.4991359325605895	4.087322444678609	4.22900632244468	
-4.000135932560589	2.068322444678609	5.93300632244468	
-5.498135932560589	3.497322444678609	6.9460063224446795	
-4.351135932560589	4.439322444678609	6.466006322444679	
-5.512135932560589	4.942322444678608	4.76400632244468	
-5.554135932560589	1.9053224446786086	3.2730063224446795	
-6.4991359325605895	1.0573224446786078	2.4760063224446798	
-5.920135932560589	-0.332677555321391	2.2470063224446797	
-6.5601359325605895	-1.2766775553213918	1.7630063224446797	
-6.853135932560589	1.6623224446786082	1.0970063224446798	
-7.341135932560589	3.108322444678608	1.2170063224446797	
-8.65613593256059	3.1133224446786087	2.02000632244468	
-9.359135932560589	2.1653224446786083	1.8340063224446796	
-8.87713593256059	4.117322444678608	2.8710063224446793	
-5.042135932560589	2.411322444678609	2.8030063224446797	
-7.3101359325605895	1.0113224446786084	3.0060063224446796	
-6.073135932560589	1.6313224446786077	0.5210063224446797	
-7.540135932560589	1.1233224446786085	0.6740063224446797	
-6.673135932560589	3.654322444678609	1.6600063224446795	
-7.482135932560589	3.491322444678609	0.33700632244467954	
-8.30913593256059	4.759322444678608	2.9350063224446794	
-9.58813593256059	4.122322444678609	3.3550063224446793	
-4.606135932560589	-0.4926775553213911	2.6150063224446796	
-3.9781359325605887	-1.7916775553213906	2.47100632244468	
-3.8981359325605887	-2.5606775553213925	3.7880063224446796	
-4.658135932560589	-2.1696775553213907	4.759006322444679	
-4.103135932560589	0.1273224446786081	2.9340063224446795	
-4.4751359325605895	-2.3166775553213927	1.8250063224446795	
-3.083135932560589	-1.675677555321391	2.1140063224446797	
-3.25813593256059	-3.702677555321392	3.7920063224446796	
-3.0181359325605897	-4.449677555321392	5.02100632244468	
-1.5311359325605896	-4.774677555321391	5.13600632244468	
-0.875135932560589	-4.899677555321391	4.076006322444679	
-3.6961359325605887	-5.769677555321392	5.094006322444679	
-3.460135932560589	-6.55567755532139	3.96600632244468	
-5.3421359325605895	-5.432677555321392	5.06100632244468	
-2.9451359325605893	-4.077677555321392	3.0840063224446794	
-3.3631359325605894	-3.8746775553213926	5.722006322444679	
-3.3791359325605894	-6.240677555321392	5.88000632244468	
-3.8581359325605895	-7.290677555321393	4.04800632244468	
-5.843135932560589	-6.261677555321393	5.10600632244468	
-5.573135932560589	-4.873677555321391	5.81900632244468	
-5.561135932560589	-4.9676775553213925	4.238006322444679	
-1.0471359325605896	-4.81467755532139	6.36100632244468	
0.3928640674394117	-5.15167755532139	6.56600632244468	
0.5128640674394109	-6.630677555321393	6.740006322444679	
-0.008135932560589865	-7.17767755532139	7.7200063224446795	
0.9278640674394101	-4.383677555321393	7.777006322444679	
-1.4971359325605889	-4.659677555321393	7.07700632244468	
0.9258640674394112	-4.890677555321391	5.799006322444679	
1.86386406743941	-4.601677555321393	7.911006322444679	
0.8378640674394102	-3.43067755532139	7.62200632244468	
0.4218640674394116	-4.6316775553213905	8.56700632244468	
1.2648640674394116	-7.28567755532139	5.916006322444679	
1.387864067439411	-8.720677555321393	6.01300632244468	
2.775864067439411	-9.23067755532139	6.3050063224446795	
3.025864067439411	-10.464677555321392	6.227006322444679	
0.8498640674394107	-9.441677555321393	4.730006322444679	
1.5538640674394113	-9.036677555321392	3.54000632244468	
-0.6231359325605883	-9.021677555321391	4.4990063224446795	
1.7218640674394106	-6.925677555321391	5.283006322444679	
0.8398640674394109	-8.938677555321393	6.783006322444679	
0.9618640674394108	-10.393677555321391	4.87700632244468	
1.4088640674394117	-8.222677555321392	3.3920063224446797	
-0.9651359325605888	-9.463677555321391	3.7060063224446793	
-1.157135932560589	-9.277677555321391	5.267006322444679	
-0.6711359325605883	-8.060677555321393	4.379006322444679	
3.714864067439411	-8.286677555321392	6.493006322444679	
5.070864067439411	-8.758677555321393	6.86100632244468	
5.12286406743941	-9.143677555321391	8.32100632244468	
4.2348640674394105	-8.96267755532139	9.09700632244468	
3.6068640674394103	-7.43667755532139	6.421006322444679	
5.313864067439409	-9.52067755532139	6.312006322444679	
5.720864067439409	-8.06167755532139	6.682006322444679	
6.278864067439409	-9.696677555321392	8.74800632244468	
6.469864067439412	-10.106677555321392	10.120006322444679	
6.2558640674394095	-8.915677555321393	11.06400632244468	
6.631864067439411	-7.789677555321392	10.81200632244468	
7.92186406743941	-10.606677555321392	10.13700632244468	
8.52986406743941	-10.158677555321391	8.85500632244468	
7.443864067439412	-9.835677555321391	7.84800632244468	
5.845864067439409	-10.786677555321392	10.42000632244468	
8.40486406743941	-10.242677555321391	10.89500632244468	
7.954864067439411	-11.572677555321393	10.217006322444679	
9.082864067439411	-9.376677555321391	9.00700632244468	
9.109864067439412	-10.85267755532139	8.50400632244468	
7.627864067439409	-9.021677555321391	7.354006322444679	
7.323864067439411	-10.542677555321392	7.195006322444679	
5.58786406743941	-9.164677555321392	12.18300632244468	
5.280864067439412	-8.179677555321392	13.200006322444679	
4.589864067439411	-6.921677555321393	12.729006322444679	
4.760864067439412	-5.8426775553213925	13.223006322444679	
6.56186406743941	-7.8206775553213905	14.00400632244468	
7.190864067439412	-9.089677555321392	14.572006322444679	
8.16386406743941	-8.668677555321393	15.57700632244468	
8.896864067439411	-9.831677555321393	16.06600632244468	
9.961864067439413	-10.37567755532139	15.47100632244468	
10.478864067439412	-9.88767755532139	14.32800632244468	
10.51486406743941	-11.473677555321393	16.04000632244468	
5.289864067439412	-9.947677555321393	12.37500632244468	
4.623864067439412	-8.615677555321392	13.76400632244468	
7.196864067439412	-7.364677555321391	13.43000632244468	
6.34086406743941	-7.20967755532139	14.72400632244468	
6.513864067439412	-9.661677555321392	14.967006322444679	
7.621864067439409	-9.60267755532139	13.87100632244468	
8.77986406743941	-8.024677555321391	15.194006322444679	
7.7118640674394126	-8.226677555321393	16.31300632244468	
8.62186406743941	-10.19567755532139	16.79500632244468	
10.12186406743941	-9.200677555321393	13.954006322444679	
11.16586406743941	-10.26267755532139	13.97200632244468	
10.179864067439413	-11.798677555321392	16.76200632244468	
11.20086406743941	-11.845677555321393	15.67900632244468	
3.7798640674394104	-7.139677555321393	11.68200632244468	
2.9768640674394113	-6.072677555321393	11.201006322444679	
3.6018640674394113	-5.039677555321392	10.24100632244468	
3.12986406743941	-3.9356775553213925	10.10500632244468	
3.698864067439411	-7.885677555321392	11.26300632244468	
2.20986406743941	-6.46267755532139	10.75300632244468	
2.6398640674394116	-5.589677555321392	11.97200632244468	
4.780864067439412	-5.41067755532139	9.74600632244468	
5.4078640674394105	-4.52667755532139	8.76600632244468	
4.612864067439411	-4.5016775553213915	7.4300063224446795	
4.171864067439412	-5.521677555321391	6.942006322444679	
6.8658640674394125	-5.00067755532139	8.51800632244468	
7.67786406743941	-4.80267755532139	9.84400632244468	
7.4958640674394115	-4.259677555321391	7.350006322444679	
7.442864067439411	-3.6296775553213916	10.723006322444679	
5.213864067439411	-6.12567755532139	9.94800632244468	
5.409864067439409	-3.62267755532139	9.11800632244468	
6.871864067439409	-5.93967755532139	8.27600632244468	
7.533864067439412	-5.594677555321391	10.38500632244468	
8.61686406743941	-4.790677555321393	9.60200632244468	
8.40386406743941	-4.574677555321392	7.21800632244468	
6.977864067439411	-4.421677555321393	6.546006322444679	
7.50886406743941	-3.30867755532139	7.5390063224446795	
8.033864067439412	-3.676677555321392	11.49100632244468	
7.6208640674394115	-2.8136775553213926	10.229006322444679	
6.52086406743941	-3.630677555321393	11.024006322444679	
4.480864067439411	-3.3106775553213925	6.870006322444679	
3.7608640674394103	-3.1246775553213926	5.60100632244468	
4.826864067439411	-3.1966775553213918	4.493006322444679	
5.661864067439412	-2.2726775553213923	4.371006322444679	
3.0568640674394114	-1.7536775553213904	5.66000632244468	
2.097864067439412	-1.4876775553213921	4.541006322444679	
2.496864067439411	-1.1516775553213918	3.26600632244468	
0.717864067439411	-1.6256775553213902	4.81100632244468	
1.66186406743941	-0.9246775553213915	2.2390063224446797	
-0.2121359325605887	-1.375677555321392	3.7410063224446795	
0.2618640674394115	-1.0316775553213908	2.47900632244468	
4.800864067439411	-2.585677555321391	7.205006322444679	
3.0808640674394105	-3.795677555321392	5.43100632244468	
2.5788640674394117	-1.6866775553213902	6.501006322444679	
3.7328640674394116	-1.0576775553213924	5.66200632244468	
3.409864067439411	-1.0766775553213908	3.1050063224446793	
0.4188640674394115	-1.8716775553213925	5.65700632244468	
1.9878640674394106	-0.7046775553213909	1.3960063224446797	
-1.1271359325605896	-1.4436775553213916	3.8930063224446796	
-0.3391359325605894	-0.8706775553213912	1.7880063224446796	
4.723864067439411	-4.277677555321391	3.7380063224446793	
5.827864067439412	-4.639677555321393	2.8240063224446796	
5.678864067439411	-4.080677555321392	1.4480063224446797	
4.647864067439411	-3.43067755532139	1.0590063224446795	
5.850864067439412	-6.134677555321391	2.6930063224446794	
4.63586406743941	-6.548677555321392	1.9750063224446797	
5.940864067439412	-6.891677555321392	3.99000632244468	
4.0488640674394105	-4.809677555321391	3.72900632244468	
6.63986406743941	-4.271677555321391	3.2060063224446793	
6.664864067439412	-6.354677555321393	2.2130063224446794	
4.630864067439411	-7.384677555321391	1.8900063224446797	
5.949864067439412	-7.844677555321391	3.8090063224446795	
6.7558640674394095	-6.643677555321391	4.4540063224446795	
5.17486406743941	-6.675677555321391	4.54500632244468	
6.722864067439412	-4.232677555321393	0.6050063224446796	
6.632864067439412	-3.833677555321392	-0.7979936775553205	
5.393864067439411	-4.510677555321392	-1.4579936775553202	
4.681864067439411	-3.8146775553213903	-2.1969936775553203	
7.93386406743941	-4.380677555321393	-1.4819936775553202	
8.059864067439412	-3.9356775553213925	-2.9609936775553205	
9.339864067439413	-4.5606775553213925	-3.5989936775553204	
9.31686406743941	-4.210677555321391	-5.083993677555321	
10.675864067439411	-4.419677555321391	-5.761993677555321	
7.48286406743941	-4.563677555321393	0.8340063224446796	
6.544864067439411	-2.8716775553213925	-0.8889936775553202	
8.70986406743941	-4.072677555321393	-0.9879936775553204	
7.935864067439409	-5.34967755532139	-1.4379936775553206	
7.27386406743941	-4.211677555321392	-3.4579936775553204	
8.10286406743941	-2.9676775553213925	-3.012993677555321	
10.13986406743941	-4.210677555321391	-3.1759936775553204	
9.350864067439412	-5.522677555321392	-3.4739936775553204	
8.649864067439411	-4.754677555321392	-5.530993677555321	
9.045864067439412	-3.2856775553213904	-5.189993677555321	
10.614864067439411	-4.203677555321393	-6.622993677555321	
11.28586406743941	-3.9036775553213925	-5.36999367755532	
10.91686406743941	-5.272677555321392	-5.6869936775553205	
5.192864067439411	-5.781677555321393	-1.1659936775553204	
4.091864067439412	-6.515677555321391	-1.8269936775553204	
2.775864067439411	-5.906677555321393	-1.3379936775553205	
1.8068640674394114	-5.8206775553213905	-2.1419936775553206	
4.147864067439411	-7.949677555321392	-1.4809936775553203	
5.38986406743941	-8.71567755532139	-2.0799936775553203	
6.829864067439411	-8.315677555321392	-1.4539936775553202	
7.7778640674394115	-8.621677555321392	-2.2369936775553203	
7.0278640674394115	-7.752677555321393	-0.3049936775553206	
5.658864067439412	-6.239677555321391	-0.6069936775553202	
4.166864067439411	-6.441677555321393	-2.7909936775553206	
4.16186406743941	-8.037677555321393	-0.5149936775553206	
3.3358640674394113	-8.37867755532139	-1.7929936775553206	
5.253864067439411	-9.667677555321392	-1.9539936775553202	
5.41586406743941	-8.557677555321392	-3.036993677555321	
2.6898640674394105	-5.495677555321391	-0.08999367755532028	
1.4128640674394113	-4.850677555321392	0.3860063224446797	
1.169864067439411	-3.588677555321391	-0.3639936775553203	
-0.012135932560589424	-3.2146775553213924	-0.6909936775553203	
1.4708640674394111	-4.539677555321392	1.8760063224446797	
1.5698640674394113	-5.762677555321391	2.7010063224446794	
2.2778640674394115	-5.736677555321391	3.7970063224446795	
0.9808640674394109	-6.850677555321392	2.38700632244468	
3.313864067439411	-5.562677555321391	0.49800632244467957	
0.6888640674394111	-5.476677555321393	0.22700632244467966	
2.233864067439411	-3.96867755532139	2.05600632244468	
0.6778640674394101	-4.042677555321392	2.1320063224446795	
2.17786406743941	-2.734677555321392	-0.6579936775553203	
1.9448640674394113	-1.5046775553213916	-1.4519936775553204	
1.62986406743941	-1.8726775553213901	-2.905993677555321	
0.8018640674394106	-1.173677555321392	-3.5139936775553204	
3.2858640674394106	-0.6246775553213908	-1.4099936775553206	
2.9928640674394114	-2.8486775553213928	-0.40999367755532057	
1.1968640674394102	-1.0086775553213911	-1.0839936775553205	
3.156864067439411	0.1873224446786086	-1.9239936775553204	
3.493864067439411	-0.39467755532139215	-0.49099367755532053	
4.018864067439411	-1.1336775553213911	-1.7889936775553206	
2.278864067439411	-2.923677555321392	-3.456993677555321	
1.9498640674394103	-3.2576775553213917	-4.884993677555321	
0.4808640674394109	-3.70967755532139	-5.01899367755532	
-0.157135932560589	-3.4706775553213927	-6.09299367755532	
2.868864067439411	-4.358677555321391	-5.354993677555321	
4.3258640674394115	-3.8316775553213933	-5.51599367755532	
5.202864067439412	-5.077677555321392	-5.82199367755532	
4.456864067439412	-2.859677555321392	-6.64399367755532	
2.8628640674394106	-3.421677555321393	-3.0699936775553205	
2.0728640674394114	-2.46567755532139	-5.43099367755532	
2.8538640674394102	-5.091677555321391	-4.719993677555321	
2.5518640674394106	-4.710677555321391	-6.20199367755532	
4.595864067439411	-3.3656775553213922	-4.708993677555321	
6.126864067439412	-4.803677555321391	-5.931993677555321	
5.137864067439411	-5.707677555321391	-5.086993677555321	
4.891864067439412	-5.499677555321393	-6.63799367755532	
5.376864067439412	-2.55867755532139	-6.706993677555321	
4.2008640674394115	-3.290677555321393	-7.47399367755532	
3.8788640674394106	-2.0976775553213916	-6.48399367755532	
-0.0661359325605897	-4.231677555321392	-3.9529936775553205	
-1.532135932560589	-4.643677555321391	-4.065993677555321	
-2.3091359325605882	-3.3466775553213903	-4.24199367755532	
-3.3841359325605893	-3.338677555321391	-4.92599367755532	
-2.0041359325605885	-5.34967755532139	-2.8219936775553203	
-1.5121359325605894	-6.790677555321393	-2.6229936775553204	
-2.4271359325605886	-7.406677555321393	-1.4409936775553203	
-1.8661359325605886	-8.63167755532139	-0.8159936775553203	
-2.8211359325605887	-8.700677555321393	0.35500632244467956	
0.3168640674394112	-4.365677555321392	-3.1949936775553205	
-1.6601359325605891	-5.258677555321393	-4.804993677555321	
-1.72913593256059	-4.825677555321393	-2.05299367755532	
-2.974135932560589	-5.357677555321393	-2.82699367755532	
-1.60413593256059	-7.30567755532139	-3.4399936775553206	
-0.5731359325605894	-6.807677555321392	-2.3809936775553204	
-2.5491359325605885	-6.731677555321392	-0.7549936775553203	
-3.306135932560589	-7.610677555321393	-1.7979936775553205	
-1.9131359325605892	-9.409677555321393	-1.3929936775553202	
-0.939135932560589	-8.53267755532139	-0.5469936775553206	
-2.8251359325605883	-9.52667755532139	0.6870063224446796	
-2.5601359325605895	-8.129677555321392	0.9850063224446797	
-3.641135932560589	-8.486677555321391	0.08300632244467954	
-1.9481359325605894	-2.2236775553213928	-3.570993677555321	
-2.6611359325605886	-0.9656775553213919	-3.751993677555321	
-2.4461359325605887	-0.3516775553213911	-5.155993677555321	
-3.332135932560589	0.31132244467860914	-5.693993677555321	
-2.3071359325605894	0.07332244467860782	-2.59299367755532	
-2.692135932560589	-0.484677555321392	-1.2539936775553204	
-2.3931359325605897	0.6453224446786088	-0.28399367755532023	
-4.234135932560589	-0.7036775553213914	-1.2619936775553204	
-1.295135932560589	-2.1856775553213925	-3.012993677555321	
-3.607135932560589	-1.170677555321392	-3.687993677555321	
-1.3571359325605883	0.2703224446786088	-2.6069936775553204	
-2.7731359325605887	0.9103224446786076	-2.746993677555321	
-2.2361359325605896	-1.3126775553213914	-1.0339936775553202	
-2.6161359325605886	0.36532244467860764	0.6180063224446797	
-1.4501359325605883	0.869322444678609	-0.32899367755532016	
-2.9211359325605883	1.4233224446786092	-0.5209936775553203	
-4.514135932560589	-1.064677555321392	-0.40699367755532045	
-4.681135932560589	0.1433224446786081	-1.4159936775553204	
-4.469135932560589	-1.3256775553213913	-1.9679936775553204	
-1.2231359325605897	-0.545677555321392	-5.71599367755532	
-1.0201359325605885	-0.12367755532139135	-7.088993677555321	
-2.0331359325605884	-0.9546775553213909	-8.00299367755532	
-2.6211359325605894	-0.2446775553213918	-8.908993677555321	
0.4158640674394114	-0.48567755532139145	-7.469993677555321	
0.6068640674394103	-0.1536775553213907	-8.96499367755532	
1.36386406743941	0.4733224446786082	-6.761993677555321	
-0.5441359325605895	-0.9016775553213918	-5.32699367755532	
-1.170135932560589	0.8283224446786086	-7.202993677555321	
0.5818640674394118	-1.4156775553213912	-7.250993677555321	
1.512864067439411	-0.3746775553213908	-9.23299367755532	
-0.021135932560589765	-0.6696775553213907	-9.49399367755532	
0.4498640674394103	0.792322444678609	-9.10899367755532	
2.2798640674394104	0.25432244467860876	-6.994993677555321	
1.1688640674394115	1.3833224446786083	-7.036993677555321	
1.2478640674394104	0.39432244467860933	-5.801993677555321	
-2.1341359325605893	-2.231677555321392	-7.7829936775553215	
-3.0211359325605898	-3.104677555321393	-8.66999367755532	
-4.425135932560589	-2.643677555321391	-8.47499367755532	
-5.202135932560589	-2.580677555321392	-9.46499367755532	
-2.840135932560589	-4.485677555321393	-8.331993677555321	
-1.532135932560589	-4.885677555321392	-9.000993677555321	
-1.420135932560589	-6.36667755532139	-9.08099367755532	
-1.8161359325605897	-7.077677555321392	-8.141993677555321	
-0.8891359325605883	-6.868677555321392	-10.21399367755532	
-1.7271359325605893	-2.65167755532139	-7.151993677555321	
-2.7881359325605892	-3.0226775553213923	-9.60799367755532	
-2.795135932560589	-4.609677555321392	-7.370993677555321	
-3.5791359325605887	-5.025677555321392	-8.65299367755532	
-1.4881359325605885	-4.50367755532139	-9.891993677555321	
-0.7831359325605884	-4.525677555321392	-8.500993677555321	
-0.6281359325605891	-6.33767755532139	-10.837993677555321	
-0.8111359325605889	-7.719677555321391	-10.311993677555321	
-4.813135932560589	-2.2456775553213912	-7.244993677555321	
-6.211135932560589	-1.790677555321393	-7.043993677555321	
-6.433135932560589	-0.45967755532139165	-7.75999367755532	
-7.511135932560589	-0.22067755532139088	-8.37799367755532	
-6.378135932560589	-1.6076775553213931	-5.5009936775553205	
-7.78413593256059	-1.0896775553213924	-5.036993677555321	
-8.81013593256059	-2.20967755532139	-5.259993677555321	
-7.718135932560589	-0.7116775553213923	-3.4819936775553204	
-4.312135932560589	-2.2306775553213907	-6.545993677555321	
-6.853135932560589	-2.4246775553213933	-7.399993677555321	
-6.204135932560589	-2.458677555321392	-5.067993677555321	
-5.7011359325605895	-0.9866775553213909	-5.18899367755532	
-8.04113593256059	-0.3026775553213916	-5.54299367755532	
-9.687135932560588	-1.9066775553213926	-4.977993677555321	
-8.83613593256059	-2.4426775553213904	-6.200993677555321	
-8.55613593256059	-2.989677555321391	-4.74199367755532	
-8.58513593256059	-0.3906775553213908	-3.1899936775553206	
-7.474135932560589	-1.497677555321392	-2.96799367755532	
-7.054135932560589	-0.01767755532139148	-3.344993677555321	
-5.486135932560589	0.49632244467860787	-7.750993677555321	
-5.670135932560589	1.7413224446786089	-8.46399367755532	
-5.762135932560589	1.4273224446786088	-9.98299367755532	
-6.609135932560589	2.0203224446786088	-10.66699367755532	
-4.448135932560589	2.6573224446786092	-8.17999367755532	
-4.579135932560589	3.9603224446786083	-8.86899367755532	
-3.4591359325605895	4.907322444678609	-8.36299367755532	
-3.545135932560589	6.188322444678608	-9.212993677555321	
-2.46313593256059	7.177322444678609	-8.799993677555321	
-4.737135932560589	0.4293224446786077	-7.334993677555321	
-6.481135932560589	2.1903224446786087	-8.177993677555321	
-4.365135932560589	2.8013224446786076	-7.22399367755532	
-3.6351359325605888	2.215322444678609	-8.47199367755532	
-4.510135932560589	3.8413224446786085	-9.82899367755532	
-5.4511359325605895	4.347322444678609	-8.69299367755532	
-3.5781359325605893	5.110322444678609	-7.421993677555321	
-2.58813593256059	4.490322444678608	-8.45499367755532	
-3.447135932560589	5.9663224446786085	-10.151993677555321	
-4.4191359325605895	6.594322444678609	-9.106993677555321	
-2.824135932560589	7.983322444678609	-8.689993677555321	
-2.093135932560589	6.911322444678609	-8.03499367755532	
-1.8391359325605894	7.2163224446786085	-9.43299367755532	
-4.863135932560589	0.5543224446786077	-10.48399367755532	
-4.973135932560589	0.2083224446786076	-11.92199367755532	
-6.3661359325605895	-0.3826775553213917	-12.23999367755532	
-6.900135932560589	-0.06567755532139152	-13.31799367755532	
-3.9671359325605895	-0.8426775553213908	-12.26199367755532	
-2.5021359325605896	-0.2736775553213917	-12.186993677555321	
-1.5051359325605898	-1.4186775553213913	-12.260993677555321	
-1.82213593256059	-2.6526775553213913	-12.19899367755532	
-0.14813593256058866	-1.0416775553213924	-12.401993677555321	
-4.227135932560589	0.17532244467860814	-10.04699367755532	
-4.827135932560589	1.0203224446786088	-12.43299367755532	
-4.058135932560589	-1.5906775553213919	-11.65099367755532	
-4.139135932560589	-1.1826775553213924	-13.15399367755532	
-2.349135932560589	0.3483224446786082	-12.91599367755532	
-2.3791359325605885	0.2213224446786093	-11.36199367755532	
0.06486406743941053	-0.20967755532139165	-12.443993677555321	
0.4628640674394102	-1.6446775553213921	-12.44599367755532	
-6.879135932560589	-1.205677555321392	-11.32699367755532	
-8.222135932560589	-1.8236775553213906	-11.558993677555321	
-9.234135932560589	-0.7576775553213917	-11.67599367755532	
-10.08513593256059	-0.8896775553213914	-12.622993677555321	
-8.48913593256059	-2.713677555321391	-10.34299367755532	
-7.673135932560589	-3.8446775553213914	-10.31699367755532	
-9.971135932560589	-3.30867755532139	-10.54199367755532	
-6.496135932560589	-1.423677555321392	-10.587993677555321	
-8.25613593256059	-2.3446775553213914	-12.37699367755532	
-8.346135932560589	-2.181677555321391	-9.54399367755532	
-6.897135932560589	-3.6256775553213902	-10.07999367755532	
-10.19213593256059	-3.8846775553213906	-9.792993677555321	
-10.609135932560589	-2.579677555321391	-10.587993677555321	
-10.00613593256059	-3.8216775553213918	-11.36499367755532	
-9.24013593256059	0.29332244467860846	-10.853993677555321	
-10.24213593256059	1.342322444678608	-10.972993677555321	
-10.14313593256059	1.997322444678609	-12.321993677555321	
-11.16913593256059	2.250322444678609	-12.96399367755532	
-8.670135932560589	0.4143224446786089	-10.22099367755532	
-11.129135932560589	0.9683224446786092	-10.850993677555321	
-10.11413593256059	2.0033224446786093	-10.273993677555321	
-8.930135932560589	2.2513224446786086	-12.795993677555321	
-8.793135932560588	2.9553224446786093	-14.11899367755532	
-9.24213593256059	2.023322444678609	-15.233993677555322	
-9.892135932560588	2.5013224446786086	-16.22399367755532	
-7.286135932560589	3.291322444678608	-14.34599367755532	
-6.869135932560589	4.433322444678609	-13.388993677555321	
-5.391135932560589	4.840322444678609	-13.57899367755532	
-5.130135932560589	6.093322444678609	-12.76599367755532	
-3.6801359325605887	6.356322444678609	-13.01999367755532	
-8.19213593256059	2.045322444678609	-12.40599367755532	
-9.33313593256059	3.7613224446786084	-14.119993677555321	
-6.7411359325605895	2.505322444678608	-14.18599367755532	
-7.138135932560589	3.5563224446786084	-15.26699367755532	
-7.43813593256059	5.204322444678608	-13.54099367755532	
-7.010135932560589	4.1523224446786084	-12.47099367755532	
-4.804135932560589	4.1233224446786085	-13.29199367755532	
-5.203135932560589	5.001322444678609	-14.51699367755532	
-5.686135932560589	6.8333224446786085	-13.055993677555321	
-5.311135932560589	5.955322444678609	-11.82299367755532	
-3.428135932560589	7.086322444678609	-12.57699367755532	
-3.199135932560589	5.660322444678608	-12.74299367755532	
-3.5491359325605893	6.479322444678608	-13.891993677555321	
-8.924135932560588	0.7473224446786091	-15.184993677555319	
-9.289135932560589	-0.1956775553213923	-16.25799367755532	
-10.805135932560589	-0.3236775553213924	-16.29299367755532	
-11.39713593256059	-0.33167755532139154	-17.387993677555322	
-8.65213593256059	-1.5466775553213914	-15.951993677555322	
-7.129135932560589	-1.5096775553213924	-16.20599367755532	
-9.32013593256059	-2.6846775553213913	-16.89299367755532	
-6.391135932560589	-2.609677555321392	-15.48199367755532	
-8.49013593256059	0.38932244467860855	-14.53499367755532	
-8.97413593256059	0.11932244467860897	-17.11999367755532	
-8.80613593256059	-1.7526775553213927	-15.01699367755532	
-6.962135932560589	-1.585677555321391	-17.15799367755532	
-6.779135932560589	-0.6506775553213924	-15.92399367755532	
-8.915135932560588	-3.5446775553213907	-16.698993677555322	
-10.273135932560589	-2.729677555321393	-16.71899367755532	
-9.17213593256059	-2.4616775553213923	-17.82499367755532	
-5.442135932560589	-2.543677555321393	-15.672993677555322	
-6.535135932560589	-2.521677555321391	-14.526993677555321	
-6.721135932560589	-3.4716775553213903	-15.779993677555321	
-11.465135932560589	-0.4486775553213924	-15.15699367755532	
-12.97713593256059	-0.5556775553213917	-15.181993677555322	
-13.58513593256059	0.7343224446786092	-15.669993677555322	
-14.613135932560589	0.6753224446786081	-16.390993677555322	
-13.47013593256059	-0.9066775553213908	-13.75199367755532	
-13.043135932560588	-2.271677555321391	-13.30799367755532	
-13.443135932560589	-2.514677555321393	-11.82399367755532	
-13.67513593256059	-3.4516775553213908	-14.213993677555319	
-11.10513593256059	-0.47567755532139167	-14.375993677555321	
-13.253135932560589	-1.2546775553213916	-15.794993677555322	
-13.13113593256059	-0.2476775553213919	-13.12699367755532	
-14.43813593256059	-0.8506775553213917	-13.725993677555321	
-12.07913593256059	-2.297677555321391	-13.407993677555321	
-13.15913593256059	-3.40167755532139	-11.552993677555321	
-13.014135932560588	-1.8526775553213906	-11.25999367755532	
-14.40613593256059	-2.4416775553213927	-11.731993677555321	
-13.36813593256059	-4.31167755532139	-13.885993677555321	
-14.64313593256059	-3.4136775553213905	-14.16499367755532	
-13.39313593256059	-3.338677555321391	-15.134993677555322	
-13.033135932560588	1.898322444678609	-15.378993677555322	
-13.64713593256059	3.1553224446786086	-15.808993677555321	
-13.513135932560589	3.148322444678609	-17.300993677555322	
-14.43213593256059	3.582322444678608	-18.02999367755532	
-12.856135932560589	4.258322444678608	-15.20399367755532	
-13.330135932560589	5.620322444678608	-15.45599367755532	
-12.57013593256059	6.602322444678609	-14.56099367755532	
-11.315135932560588	6.741322444678609	-14.718993677555321	
-13.23913593256059	7.190322444678609	-13.69799367755532	
-12.30313593256059	1.9893224446786082	-14.933993677555321	
-14.574135932560589	3.263322444678609	-15.54599367755532	
-12.828135932560588	4.120322444678608	-14.24399367755532	
-11.94413593256059	4.190322444678609	-15.526993677555321	
-13.199135932560589	5.850322444678609	-16.38899367755532	
-14.282135932560589	5.679322444678608	-15.280993677555319	
-12.395135932560589	2.6423224446786087	-17.78399367755532	
-12.244135932560589	2.683322444678609	-19.24799367755532	
-13.20713593256059	1.7543224446786088	-19.97399367755532	
-13.62613593256059	2.0693224446786083	-21.12099367755532	
-10.763135932560589	2.3493224446786076	-19.646993677555322	
-9.766135932560589	3.462322444678609	-19.40699367755532	
-8.555135932560589	3.2853224446786076	-18.74599367755532	
-9.77113593256059	4.776322444678609	-19.79599367755532	
-7.857135932560589	4.429322444678608	-18.73299367755532	
-8.572135932560588	5.352322444678608	-19.37199367755532	
-11.750135932560589	2.2933224446786085	-17.33399367755532	
-12.465135932560589	3.5853224446786083	-19.52699367755532	
-10.478135932560589	1.5663224446786082	-19.15099367755532	
-10.74213593256059	2.1123224446786093	-20.58699367755532	
-10.452135932560589	5.207322444678608	-20.25999367755532	
-7.021135932560589	4.556322444678608	-18.34599367755532	
-13.59813593256059	0.6593224446786081	-19.387993677555322	
-14.488135932560589	-0.2686775553213909	-20.03399367755532	
-15.94213593256059	0.15532244467860856	-19.87999367755532	
-16.78613593256059	-0.2576775553213917	-20.68399367755532	
-14.31213593256059	-1.6476775553213923	-19.50599367755532	
-13.11113593256059	-2.361677555321391	-20.06099367755532	
-13.17813593256059	-3.167677555321392	-21.18299367755532	
-11.818135932560589	-2.386677555321393	-19.65999367755532	
-11.982135932560588	-3.6526775553213913	-21.44999367755532	
-11.132135932560589	-3.1966775553213918	-20.53799367755532	
-13.35513593256059	0.4263224446786076	-18.59699367755532	
-14.261135932560588	-0.26467755532139137	-20.97699367755532	
-14.23613593256059	-1.6076775553213931	-18.53999367755532	
-15.107135932560588	-2.165677555321393	-19.70699367755532	
-11.459135932560589	-1.9396775553213903	-18.92699367755532	
-11.770135932560589	-4.21867755532139	-22.15699367755532	
-16.217135932560588	1.0083224446786083	-18.90399367755532	
-17.58413593256059	1.515322444678608	-18.64799367755532	
-17.96913593256059	2.5783224446786086	-19.74699367755532	
-19.069135932560588	2.448322444678608	-20.36099367755532	
-17.62113593256059	2.098322444678608	-17.22599367755532	
-18.97713593256059	2.1043224446786084	-16.605993677555322	
-19.93913593256059	1.1623224446786082	-16.90399367755532	
-19.51413593256059	2.901322444678609	-15.65399367755532	
-21.010135932560587	1.377322444678608	-16.15899367755532	
-20.77613593256059	2.4263224446786076	-15.38899367755532	
-15.62413593256059	1.3173224446786076	-18.36399367755532	
-18.24013593256059	0.8033224446786082	-18.70299367755532	
-17.02013593256059	1.587322444678609	-16.66199367755532	
-17.28313593256059	3.007322444678609	-17.24999367755532	
-19.10513593256059	3.6343224446786078	-15.25299367755532	
-21.79413593256059	0.8763224446786086	-16.17399367755532	
