3.6238970523381456e-05	3.587653495417443e-05	-0.0001005451980621969	
-0.00012597835625230132	-0.00018393016125877005	0.0004513559611925121	
3.582655194550046e-05	6.303428073029072e-05	-0.00018455314234331157	
-1.7254495712597453e-05	-4.906676588073503e-05	0.0001358660022889224	
0.0001534920865032069	0.0002502382071873528	-0.0005189665548325	
-0.00021009592870885446	-0.0004059688742409571	0.0006747028272039069	
-0.00020859231704914384	-0.0004577482247850482	0.0006482365527417454	
-0.0001991995435176805	-0.00034909500409580774	0.0004813849332881551	
8.562098644748192e-05	0.00027389351983027587	-0.00035047513619245087	
-0.00029466008448709394	-0.00028628474591355373	0.0007186931650247201	
0.0001384612871660216	0.00022621813779054369	-0.0005113406671154003	
-0.0002044384277903479	-0.0002667788918257312	0.0005715067909359529	
-4.685171309219421e-05	-9.329586461918385e-05	0.00019766390402572182	
-6.263014963578021e-05	-0.00014914213517573644	0.00024462955999804615	
-0.00028126488407972076	-0.00046197297847461074	0.0007544546406374995	
4.8572866824181215e-05	6.366060562752493e-05	-0.00024152033275122144	
0.0001165178047403617	0.00019434695557402355	-0.0009562259040118717	
7.02692267320318e-05	6.21984826878136e-05	-0.0005063082882425088	
-8.04043799111562e-05	-3.9377427075629614e-05	0.0003862522309405679	
2.9085039588401334e-07	5.868517828175643e-07	-3.2854531592128875e-06	
9.156675482032209e-05	0.00027214774733385103	-0.001024587162690428	
1.4581905461031697e-05	0.0002023753058838466	-0.000578193098574722	
8.490631031383806e-05	0.00016136886783310565	-0.0005500110170383213	
-2.389358826848329e-06	-2.539894521808685e-05	5.8000991925676356e-05	
6.792147919500974e-05	0.00022254087609028598	-0.0005433679198642689	
0.000467282234198742	0.0004548883317857505	-0.0018655366589484133	
1.8795731804803024e-05	5.566207902544526e-05	-0.00023830670629303353	
-4.8749244453992405e-05	-4.857287636623678e-05	0.0003829734755585553	
4.414326540293304e-06	2.63663433072031e-05	-0.0001711523623635394	
1.3442654336380705e-05	1.566604953930857e-05	-6.32236251265485e-05	
-2.250596816196021e-06	-0.0002878986872966008	0.0005608836739390837	
-3.7370407134830525e-06	-4.027976682664896e-06	4.865030188399285e-05	
4.6500312513093635e-05	8.345054157652159e-06	-0.0005310617315636146	
-1.1848465881644051e-05	5.405084103133851e-06	0.00010460103989304503	
8.17151119264689e-05	-6.770385735808954e-05	-0.0009989279510011365	
9.410898863567618e-06	-2.739210067659448e-06	-0.0006022110590150934	
-3.0452676180201576e-06	3.1329351843407603e-05	-0.0005943861314685842	
1.5422008398595811e-06	-5.0841614032868335e-06	-6.955245577099973e-05	
2.8470958587071896e-05	-1.2752376292358824e-05	0.0004254834448078415	
1.3489548690786619e-05	4.556398551001514e-05	-0.00046853019625442096	
1.4951442268383443e-06	3.1226689632275486e-07	-1.2170944573931721e-05	
1.4626364086601166e-06	6.424318200724444e-07	6.0557937204352275e-05	
-5.249950829875695e-06	-1.0452311088814911e-05	0.0001727849228543517	
1.2407019671894735e-05	-8.739802316333706e-05	0.0009054731068680105	
-8.671247499199387e-06	-3.6287527854470955e-05	-0.0004441722653815234	
5.398501176949347e-05	-0.0001891131069315032	-0.0016839168326328847	
-3.759595601542852e-06	4.464434640294844e-06	6.454885542207376e-05	
-1.49849315476089e-05	1.20921192962399e-05	-0.00019255136635692918	
1.4607589455534646e-05	-3.0865203169427693e-06	0.0001390444581310331	
-1.085950400744111e-05	-1.7688511433706718e-06	-0.00019169637312330893	
-0.00010282760659462922	5.732223380501606e-05	0.0005983615598560892	
3.748232693460063e-05	-3.135526892014414e-05	-0.00018515188014293392	
-8.209351244346798e-05	0.00013569081677492937	0.0005836540397590001	
2.0323925119972197e-05	-5.419660593476602e-05	-0.0002270096502499199	
-0.00011571235358204418	8.913428917037707e-05	0.0004390230534124655	
-5.669523470508635e-06	2.4840470518396777e-06	1.96326608314159e-05	
-0.00024986949919483825	9.263996350916945e-05	0.0011555606657274726	
-2.98085424689027e-05	2.0634074898272506e-05	0.00013154286448027765	
-0.00028999613511953757	0.00028510074995428427	0.0012204811315325254	
0.0001116977094347721	-8.523747587602368e-05	-0.0003602514461678724	
-0.00030467721991888925	0.00013433561608267985	0.0009871312908957914	
-0.00020276014876356873	6.198407779315505e-05	0.0006143856927414245	
-9.539264829054901e-05	4.731348192554466e-05	0.0005021041851110781	
-0.00011728366391949944	1.5221700861396805e-05	0.0005179561990144262	
1.5552491729005848e-05	-2.9885737262784368e-05	-0.00010376894913142732	
3.539228907126183e-05	-0.00015019906714065765	-0.000415181702270782	
-6.927930025561326e-06	-0.0001593244541329007	-0.0004725394053235866	
9.717520983488699e-05	0.0005052253273069119	0.0012657315678295577	
7.13138496294011e-05	-0.00010581210323144655	-0.00036806690829144543	
2.3112861743151065e-05	-8.661087840139651e-05	-0.000207982741282088	
-4.438399488519847e-05	0.00021136949547015575	0.00054775609840481	
-1.3396218678593566e-05	-0.00013554013199433231	-0.0005459733503814957	
-3.212566640224707e-05	-5.782557525031412e-05	-0.00026946345383232844	
7.075360579537785e-07	9.6500236756605e-07	4.526623083365598e-06	
-0.00031321693740665534	-0.00023377458104587742	-0.0012510136950808844	
0.00010814914905317629	0.00010018291143957472	0.000819385033501401	
6.45062599174539e-05	4.354832710905327e-05	0.0008499565270346711	
-6.685607088719937e-05	-7.503072922888323e-05	-0.0005709441795761069	
9.42981006651897e-06	-0.00010139110483583656	-0.0004892669946145418	
-3.0880852205212285e-05	-5.156664485945025e-05	-0.0001977942072973139	
9.156426861557284e-05	4.9284487124847733e-05	0.00047055405537438453	
5.590432446915871e-06	1.2436918253368477e-05	0.00021666903075448672	
4.423381668152774e-05	2.853842691210676e-05	0.0003551447363754385	
6.860911009766122e-05	7.505776380789226e-05	0.0004409574235453683	
-4.218821119669833e-05	-0.00010029288945085544	-0.0006704950267286313	
-6.368572009828139e-05	-0.0001795564412705074	-0.0007424933713078746	
-6.404089706765126e-05	-0.00012090859361135332	-0.000501577089369469	
0.00012666746543584133	0.00016572538052064776	0.0004977825155476808	
-0.0004916084636084562	-0.000383528911744552	-0.0013401411677399953	
-4.193156993173219e-06	-0.00024111919569205515	-0.0008747622019064494	
-4.325145922352409e-07	-4.011455364733646e-06	-1.4141910112121677e-05	
2.8908176410558204e-05	3.0015768769290123e-05	0.0002995103111318155	
-1.8375852939934687e-06	3.7987697196035515e-06	1.1329976800502157e-05	
2.4777766221141307e-05	0.00036190611481715145	0.0013822062763770581	
0.0001001933926968497	9.794980560396264e-05	0.0006404442217591913	
2.258658152274891e-05	-7.294057605577345e-05	-0.00035278688928811624	
1.1695887258947249e-05	-0.0001423870813805853	-0.00038698952383210683	
7.04533131146354e-05	0.00022543139685425085	0.0006006077762671208	
-5.437946494295093e-05	-3.300176020693943e-05	-0.00042442914776655814	
-7.352505133204144e-05	-3.3263643940104286e-05	-0.0003856511930807434	
7.066119755776956e-06	1.2354241081337499e-05	0.0005061481638179983	
-0.00017294360741843294	0.0003482151084735898	0.0009889696655463933	
5.4394127544215655e-05	-5.5321033074906964e-05	-0.00023042988624573534	
0.00010307264779652709	-0.000233766145335762	-0.0005152474163652237	
-9.19544818654493e-05	-0.00015743442904485796	-0.00034945187195614186	
-0.0001842108667000231	-0.00026278652189119713	-0.000473660643115698	
2.256674615213957e-05	2.0496345987328646e-05	4.405882361428156e-05	
0.0005997732088635702	0.00045386552867457316	0.000915553985372557	
0.0006744612361709658	0.0012001321422740016	0.0018717115980234323	
0.0001569994744883653	0.00023133518297343506	0.00031963233677897193	
0.00010376009382801958	0.00018313950360811904	0.00023167123329251332	
-0.000574097177510145	-0.000904594868806975	-0.0010202991520544013	
3.0511645691336895e-05	5.264323353186415e-05	5.571416150133733e-05	
-3.856768069542566e-05	-8.086262695213741e-05	-8.837051392123996e-05	
-0.0003258455639576621	-0.0005147678351562864	-0.0004974805558125788	
0.00012269541180665806	0.0002909246010704803	0.0006175161236046186	
5.5224790406725834e-05	8.334005189196529e-05	0.00013143754865083303	
-3.707123175641467e-05	-8.836840001930741e-05	-0.0001233906293104735	
-0.00017831588419223456	-0.0003236640351015379	-0.0005652977696569448	
0.0003481857998365976	0.0004162188101002923	0.0006393492270815111	
0.00027389741111945933	0.0003995188537222046	0.0004897694043039649	
-0.00013291734266850734	-0.0002949428602167729	-0.00034695941627581274	
-0.000329841644499977	-0.0005741812819588019	-0.000806022446857359	
-0.0002619245289840229	-0.0003654689109987406	-0.00040281445526373435	
0.00021142861157283474	0.0004865646378849976	0.000563378927005161	
-1.7438964964478282e-05	-3.831081883123529e-05	-4.040444301938456e-05	
-0.00022358312779155275	-0.00031933470470919194	-0.0003005039552519538	
0.0003233261442726088	0.0005369119700942787	0.0005030044267285972	
-3.9612041941997895e-05	-3.1004350128597166e-05	-8.560602464799421e-05	
-9.829496566046402e-05	-5.252620262721096e-05	-0.0001770411007660007	
-0.00016678576594972462	-5.161539048638331e-05	-0.0002799390318577339	
-7.03391631239545e-05	-1.395151554859007e-05	-0.00010178589242842967	
-0.00037000888449875024	-0.0001968591297948852	-0.0007603668598213912	
0.00013827993617766165	0.00010424731051643678	0.0002974786203113816	
0.0003029886033006935	0.00022224050724851998	0.0005528904035205789	
0.0003505450655250902	0.00036487183717183507	0.0009519936497499787	
0.0006762856285631112	0.000615798213486049	0.0012651367966920839	
-5.823030972485854e-05	-7.534935994548794e-05	-0.00016168003547330543	
-0.0001889356659777557	-0.00021952787840224237	-0.0004265541512323588	
2.00978999082846e-08	1.7641825549823016e-08	5.2273130979361585e-08	
5.19967641638421e-05	2.890039505184137e-05	8.175514592362439e-05	
0.0002046264335300505	0.00010613954508255256	0.0004893737603505401	
0.00023009618607732526	9.419154292896126e-05	0.0004323865371690599	
0.0004440528650718214	0.0002728605125466995	0.0007200862860591774	
-0.00012118579307543461	-0.00013590874086448547	-0.00038827779765753613	
-0.00041356630662322754	-0.00036411157269651453	-0.0007007972623368752	
-0.0002099482711837879	-0.0003389741030579188	-0.0006977686681045656	
-0.0002843791318473655	-0.00036963565822835474	-0.0006527753798760911	
-0.00047093780132997855	-0.00012095465400449086	-0.000899561843240728	
0.0005149929880253182	4.06161927543266e-06	0.0009301260709768961	
-0.000139708116995938	8.891676308865346e-07	-0.0002095551504386454	
0.00027978886486818054	-5.2650422302451295e-05	0.00038489036274648333	
6.3119880419815376e-06	-1.1343674194041096e-06	1.5498238600154794e-05	
5.1040572758643676e-06	-1.0744356965083495e-06	1.49465980503733e-05	
7.470861516487831e-05	-4.3417653499272736e-05	0.0003216394911944229	
-3.1146737976960496e-05	1.8431865641503082e-05	-0.0002393472220604179	
-5.503225834717276e-05	8.583621871132975e-05	-0.0008453409923333166	
-2.8716252843149796e-05	6.206718124793653e-05	-0.00031508104149485203	
-4.40769298078311e-05	-4.1995037289185906e-05	0.0011583614587466929	
0.0001208123183685154	4.532346098908174e-05	0.0002662278015426159	
0.00036114580224531754	-1.9447195085068395e-05	0.000596543968163286	
0.0005821557771667903	-5.5265954191723024e-05	0.001683597727254107	
-0.000149158783923034	5.725086437314222e-05	-0.0003498388139870644	
0.00018223600367884763	-4.711685305442166e-05	0.0004613970006167976	
-7.249781269643774e-05	-3.618325080214262e-07	-0.00022257511544374964	
-7.112495675723457e-05	6.174188087256807e-05	-0.0002961377725813251	
-3.2712152650379494e-05	2.1381150529936163e-05	-0.00014646050097821318	
3.280846654711717e-05	-8.051140268546713e-06	0.00029911452673089274	
9.667976178312576e-06	-1.4608069272894988e-05	6.045432438914943e-05	
1.922551643634541e-05	-0.00011329953449081521	0.0005117949350825504	
-2.520915204249704e-05	7.5662699690313585e-06	0.0005175307558155342	
1.6257247707893867e-06	8.718991817536082e-07	-1.7346799249103657e-05	
-0.0003400071828315704	-6.547240046832978e-05	-0.0004713354594003502	
-0.0002946316640769999	-5.560914362829821e-05	-0.0003247993671230657	
0.0004849420820920216	5.152382749411409e-05	0.0004024553494142482	
-1.2019199549980243e-05	-2.2359597552705945e-06	-9.532784450633362e-06	
-0.0002730199178725976	-0.00012054824331960914	-0.00028629556536101614	
-0.0004939664268581378	-0.00035335296554785616	-0.00069710402242818	
0.00023654369202334336	0.00024318286542622755	0.00028719690181965864	
-0.00011994427667787513	-7.490735488158497e-05	-0.00019223118457250212	
-5.308971267638148e-05	-1.763136027877216e-05	-7.81620475329117e-05	
-0.0001649319920509579	-1.4386232810762706e-05	-0.00019306508780348307	
0.0005802737139384325	0.000294250733723086	0.000597346025917129	
-0.00017356506428119507	-7.217391417828859e-05	-0.0001458788801792652	
-0.00047147172288598073	-0.00037874754221876487	-0.0008245325993841493	
-3.463429024256762e-05	-4.918486054121843e-05	-5.3366063498833616e-05	
0.0006878313359032008	0.0007113090943857307	0.0007862392894194069	
-0.0005202832000103788	-0.0004773952902160585	-0.00048597002725458857	
-8.064585417383649e-05	-8.109830262349252e-05	-0.0001787489847138117	
0.00022742854889172646	0.00012261393400439836	0.0002782690172243007	
-0.00028332713915232285	-0.00010342265192881592	-0.0004901297396343154	
-0.0011635105316082513	3.7084703496202637e-05	-0.0008129752947465692	
0.0014812947721948618	-8.059301527515865e-05	0.0007868374170976185	
0.0003110297511428878	2.131081317134851e-05	0.00012820060186475427	
0.0006002339905597252	9.609566105056723e-05	0.00022767905090226848	
0.0008580415408710713	-0.00017100845536389937	0.00038400500093433077	
3.046827296651434e-05	-6.516776770339884e-06	1.0862087313932569e-05	
-9.332750193130595e-05	1.0671803485681995e-05	-6.74378664732327e-05	
-0.0004600107298465029	2.554110948331769e-05	-0.00026234864988921436	
-0.0007123167194448579	0.00014294552109756856	-0.00026788699627263996	
0.00013275624727598144	-3.821662691280439e-05	7.017408065897129e-05	
7.702095719850955e-05	-1.9887634349672584e-05	3.313772955975517e-05	
0.0002157163424760106	1.8534294018639533e-05	7.398985487691688e-05	
-0.0001816749900115379	-3.220208543476968e-05	-4.51117178505204e-05	
-0.0006828477346494726	-0.00010771120582144202	-8.407505849506508e-05	
-0.0008940839574658061	-0.00022997370075116528	-5.2073595649401284e-05	
0.0005027336580118443	7.496489741894555e-05	0.00011177300195476272	
-0.00012276839916729713	-1.383278784461358e-05	-4.047819799312646e-05	
-0.00022305425713680218	-6.320653699519792e-06	-8.561617098072041e-05	
-0.00011322732572089134	-2.9931251514937534e-05	-3.1556490649035094e-05	
4.175161003548953e-05	4.012693716943744e-06	6.9843486966163e-06	
0.0012831833598237244	0.00026929485293615676	0.00025777866097508864	
-0.0005388223624723512	-4.28369943981535e-05	-0.0001711020131766073	
-0.0005176564291815804	-8.900520845072629e-05	-0.00019678797893015194	
0.00030242393396761436	-1.385964284255441e-05	0.00010621903501404533	
-0.0006390351881535056	-1.4612217285198611e-05	-0.00030248575621333513	
-0.0001876735038059042	-7.409779814571896e-06	-1.6068863933917762e-05	
0.00011442920411502558	8.317975668398608e-07	-5.377163696821638e-06	
-0.0010485701321532234	-5.029147802207449e-05	7.476759623520765e-05	
-0.0010353237049421742	-0.00013298546806943617	0.00020016926672705485	
-0.00015453183337636625	2.0523880450101592e-05	1.0907650292141488e-05	
-0.0011322443046997309	2.632948883564939e-05	-0.00014457991691447153	
0.0005560096863980246	3.130407613151917e-05	-5.947148894339468e-05	
-0.0006102925343184905	9.745303617191486e-05	9.862978254339598e-05	
-0.00019706243229011282	2.7237784225360785e-05	1.1533344608691612e-05	
-0.0007043873798949171	0.00013596341678412722	5.2930772990282715e-06	
-0.0009957502966693533	-8.660039681678836e-06	-5.754642982403337e-05	
-0.0001011354709871117	-6.976276872193758e-06	-5.561413816769724e-06	
0.00042503877203178245	0.00012983547311750271	2.2110791853045533e-05	
0.0007801206618742682	0.0003514116507448475	-6.690525084910937e-05	
0.0007238848102566398	-2.666655344374444e-05	0.00020335980877399197	
-0.00042261598067642027	1.763807082727956e-05	-6.07247270366609e-05	
0.0009096977745374889	1.766618513240532e-05	-7.211358545414028e-05	
-0.00061094917829165	-3.1278052538448686e-06	-0.0002007414896464641	
-0.0005640476707373618	0.00011451602236478373	-0.00015256807981920504	
0.000878437354942322	1.7832669324921806e-05	0.00035080531075322023	
-0.0007354229608513579	-0.00028023101226090706	-0.0001318393314886743	
-0.0010461553819158705	-0.0006301648871242029	-0.00019752970157190072	
0.00024012677760455522	0.00016035709459209866	-2.6311784388464437e-06	
0.0002881626805185526	0.0002574973870991436	-1.8869514952708315e-05	
-2.4506809105423186e-05	-1.5147747388118e-05	-8.017345424242913e-06	
0.0004108624355967024	0.0003464247555017251	0.00014740146614119066	
-0.0005440106928880422	-0.00045353789403692474	-0.0002501175510235812	
-6.502798842381021e-06	-5.11197601795232e-06	-4.1965411655343996e-06	
-2.656518925079758e-05	-2.5314188160995162e-05	-2.2663250708474e-05	
0.00015109062592476535	0.0001343222740254119	0.00015748448270895392	
-0.000538666695233174	-0.0006673294353996186	-0.0004881206976074123	
-1.498054488630043e-05	-4.652762083543981e-06	-3.663679766776386e-06	
-0.0004120576566625874	-0.00030155090721258515	-0.00010072172008466002	
0.0008687359361472415	0.0005003503926601216	0.00039053738414692113	
-0.0004958602340113273	-0.0002640094154801675	-0.00013600261040947495	
-0.00027636522551875465	-0.00024344582843111934	-6.572556249325571e-05	
-0.00030959927395789985	-0.0003063190726630222	-0.0001364697204587491	
-0.0001941794631990158	-0.00014306728495620092	-7.529620794688378e-05	
-0.00028273583232026804	-0.0002749198280933934	-0.00013389270023379517	
-0.0002629251493336035	-0.0001741859657685451	-0.00016745190655477127	
-0.00043576193313128866	-0.0003223322605109288	-0.00043559385115921235	
-0.0001941793371958945	-0.00019787604652146722	-0.00023874538126301953	
-0.0003782755024859197	-0.00048405546462297974	-0.00029125825825922886	
0.00017537151818880622	0.0002498623556581663	0.00019325411961223292	
-0.00012632019796893736	-6.621658479783492e-05	1.311524783236667e-05	
-0.0006269909155753969	-0.00035538595066689655	0.00015673129908153765	
-0.00041308417676524223	-0.000254315340077523	0.00017808662325777963	
0.00032141245825998034	0.00025085463733490166	-0.00017868893027961453	
-0.0011587358240411983	-0.00048343142382328396	0.00029720890083327075	
0.0001169748688575224	5.042828991931921e-05	-4.44210643277742e-05	
-1.2834235540212403e-05	-4.415644600620218e-06	5.957402579494704e-06	
0.00013034833014671763	7.063463796082291e-05	-5.089826412536871e-05	
9.978637200403345e-05	4.178156426653244e-05	-6.9187724004448375e-06	
-0.0005255682001502171	-0.0003532800917923006	0.00012923673108873772	
-0.0005481960178833614	-0.00022708410314005277	9.891491793532645e-05	
-7.48480390201635e-05	-2.4186396176424266e-05	1.877196966870085e-05	
0.00011511893004700347	6.41135280002228e-05	-5.24741644781316e-05	
0.00028089685199740426	0.00016822520810089105	-9.279684074701679e-05	
-0.0001349557859805015	-6.48442223829831e-05	6.181050054423192e-05	
4.031715511745943e-05	2.0653176434558143e-05	-2.8696219474958865e-05	
-9.735156167101732e-05	-8.220782815528151e-05	8.16337576891689e-05	
-0.0006057526409822755	-0.0006942504517838989	0.0007427046367268828	
0.00018956535158223302	5.123602511341247e-05	-0.00013726987239137865	
-1.0081161217045683e-05	-1.0613667149980454e-06	6.94736447438186e-06	
-0.0004696000293060901	-0.00012573281622542049	0.0005369805557023405	
1.2225716334072306e-05	-1.3535805965746834e-06	-7.7059514557816e-06	
3.423984847422066e-05	1.2828426715127464e-05	-1.2560313914699085e-05	
2.052873503073065e-05	1.0779104905713785e-05	-1.709623634909818e-05	
0.00045020081631874626	0.0001043536483260755	-0.0002528618171967909	
0.00010004094017078813	1.1780921584446867e-05	-8.41338836203787e-05	
-3.6462782011639564e-05	-5.448620018472058e-06	2.098208338081304e-05	
-0.0002748933353264424	-1.0271203240452382e-05	0.0003210564831879826	
-0.0004370702000372683	-0.0002063399756124366	0.0005564341278160876	
-0.0002011892579818088	-6.399513941304946e-05	0.00027168395097403915	
-0.0004137425304239156	6.421725561493198e-05	0.00025777384134173943	
0.0005223575546249881	-6.410250740169973e-05	-0.0002510235933559618	
1.2904407874918604e-05	-2.58551025192286e-06	-9.918225313265367e-06	
0.0009749688319942738	0.0009143328232629644	-0.0005905990606692244	
-5.274027783606e-05	-8.543637356494645e-05	3.893994854427501e-05	
1.1729262227148032e-05	2.3592402359137657e-05	-9.632256305847277e-06	
-0.00012706704245227436	-0.0004125249743514511	0.0001817981815998282	
0.000448117250639146	0.000765031382064218	-0.00010811194811363355	
0.0004959681929672322	0.0006091526340942306	-9.472592584452714e-06	
8.76066922516472e-05	0.00010528844826647748	5.118386727581778e-05	
5.357931117440208e-05	0.0001329646904449845	-1.9344779154236992e-05	
0.000791065854785894	0.0006094093687731066	-0.00032071092331526304	
-4.5023700213417385e-05	-9.252024234428646e-05	5.607630772516233e-05	
0.0004559723555484517	0.0006737319988122021	-2.1823410272150028e-05	
0.0001367778800000607	0.00037532088429053327	-3.19622066965915e-05	
-0.0005530726479255071	-0.00043024111570765276	6.299898467744968e-05	
0.0003196246304532261	0.00027847275012695235	0.00023374395588077952	
0.00040021261693305954	0.00040650543235965035	0.00021153334035865993	
4.24346899990058e-05	8.383622093123735e-05	4.292659345444679e-05	
0.0005470086960263763	0.00113276116378814	-4.690711287948174e-05	
-1.630730202337077e-05	-0.0001089260497300952	-3.212988134233043e-07	
0.00020903674849857677	0.0005804323162702353	-0.00028516356634253993	
-1.1491916143205607e-06	-1.8364990383118297e-06	6.203517794903281e-07	
-3.351443400459277e-05	-6.245369484213517e-05	2.0439229585883374e-05	
-0.0006396220587971699	-0.0012225706193006985	0.0006123719982086592	
0.0001436419999663784	0.0003620117428297819	-0.00018248869026734138	
0.0003125749925281588	0.00046941030538318436	-0.00011293583026991727	
0.0002034214114517178	0.0003134030183569015	-2.4195694751424303e-05	
6.279934764092284e-05	8.23448807522081e-05	1.1783101295510574e-07	
0.0003219991709563872	0.0003613933928418186	-2.7711611276203418e-05	
0.0005661725245006784	0.0007866509211581005	0.0001015191337622363	
6.247684595439623e-05	8.108818011610669e-05	-2.434687458529936e-05	
-0.00025851871673749635	-0.0006172453936189727	0.0001645826392696392	
-0.00026137883397369044	-0.0003243444226751957	9.425751357544673e-05	
-0.0004352299608456609	-0.0006916096218464528	0.00017845448000680203	
0.0004724438947122456	0.0008910151114985073	-4.1976439737548186e-05	
7.424830209691232e-05	0.00010844608782327145	-4.424685297391103e-06	
-0.00013431812700150035	-0.0001991391676788082	0.00013269938733332246	
-0.00015483059203710752	-0.00022783026586981975	0.00019536176893383952	
-0.0005432138595840313	-0.0011067127600704987	0.0010387968069055814	
1.249695089590547e-05	3.049023362256457e-05	-2.9433307295457114e-05	
-0.0005725362722677086	-0.0006115829776869109	0.0006777568354778674	
0.00011303893155673919	0.00012007160362807729	-0.00016395880359488003	
1.9439465909792495e-05	1.4682532659344286e-05	-2.6363632267410592e-05	
0.00036331014245397016	0.00028705625060333794	-0.0005988807636480623	
0.0005938900528964518	0.00033823826366018796	-0.0009843285911970531	
8.27248823028411e-05	0.00010279815133872793	-7.055480897151779e-05	
0.0005289924166886798	0.000792964250884293	-0.0006349592004558614	
0.00029677750068695107	0.00027771920083518936	-0.00029150060608285376	
-0.00013183727581995674	-0.0001296821839549529	0.00015619003461058234	
0.00015489673813192075	0.00019210655041298352	-0.000275745862499547	
8.832633585958813e-05	0.00010116994305683647	-0.00012725792675952598	
0.00013828840958390954	9.332486692237571e-05	-0.00016018379103150188	
-0.000636923604989465	-0.0004175366236845611	0.0008678025334089173	
-0.0004466944116840887	-0.00042120343827543205	0.0008772615512657154	
-0.00019657340625693628	-0.00016955073104881697	0.00031345472495499557	
-0.00011297544191677323	-6.93135980529072e-05	0.00020690228297575412	
0.0005264123215029804	0.0002607417011918108	-0.000768022921628779	
-0.0005172101147139557	-0.00025172329532915347	0.000889948013614275	
0.00023145243646542396	0.0005576705359614339	-0.0005295945267976868	
8.309213851683956e-05	0.0003842761062143196	-0.0004091217705263387	
-8.860769086376202e-06	-0.00016522267598434586	0.0001407481303432897	
-0.00012681844611118215	0.0010581509131884306	-0.0009694630916497689	
-3.4892932919444635e-05	-0.00015863701564410701	0.0002212064313910146	
-2.3935618069321926e-05	-5.306387844469428e-05	9.990240004821429e-05	
7.820083339812803e-05	0.00019952027550490314	-0.00043403319097135603	
1.4759088952569196e-05	1.6963612072606605e-05	-3.784735140632938e-05	
-6.616451770809238e-05	-9.080073509986478e-05	0.0002492842537498065	
-0.0002835986299214242	-0.0002546546308146325	0.0007369439303222529	
-4.5801187609135276e-05	-9.82821962308602e-05	8.782603191694684e-05	
-9.977818769509636e-05	-0.0004953581341839328	0.0005642631270169455	
5.240461842367027e-05	0.00019451227426396737	-0.0002555316698817776	
-1.461579616305945e-05	-0.00045082472191430227	0.0006632761527241328	
-0.0001114811252927207	-0.00010612394253401916	0.0002257862984161846	
0.00014987733179793917	0.00019439281983598636	-0.0005997600973472967	
2.69413367891685e-05	0.00029704365538843675	-0.0001910769564504329	
3.626225761568622e-06	-0.0001477024530869203	7.311361721813002e-05	
2.0261355864463937e-06	-1.2797643237444513e-05	6.068118177794653e-06	
0.00018077002538825039	-0.0006028001847261836	0.0002830203201601906	
-6.59664871835738e-05	0.0007261305803620136	-0.0003785550212045897	
5.739927572502541e-07	5.0865960711001964e-05	-2.6508450576485784e-05	
-0.0001675988915255191	-0.0008948712566931366	0.0005436660975702593	
3.0980648414516834e-05	0.0009278496522926756	-0.0003678054247233912	
-0.0001276564973906687	0.000877283762807978	-0.0005441853409562073	
0.00014765464651390022	-0.000994629106077986	0.0004425421220606585	
-1.484311816595489e-05	0.0007806777696380143	-0.0004156884890398866	
-8.462711927734314e-06	7.248843615337908e-05	-3.251845482614587e-05	
0.00010703796299890989	-0.00037383764006543475	0.00015416470375325463	
2.0596508810091103e-05	-7.029989911161376e-05	1.118758985109081e-05	
0.000112002696745597	-0.0008510748568711142	3.828908031162854e-05	
0.0003073509696883655	-0.0011077541963809571	0.0006809803504793917	
9.797356706008188e-05	-0.0003902500116438061	0.0004044448668690827	
-1.96098020196406e-05	0.00034446326262833123	-0.000516164919462716	
0.00026009185620999516	-0.0004313252138593471	0.0005494742690550079	
-6.438800610485574e-07	-0.00016224764767166139	7.228757140393343e-05	
-0.00020122388646129895	0.00047588210753211327	-0.00021990135115560318	
1.260791066073906e-05	-0.0001313497676869016	6.92297729967763e-05	
0.00046119119703529076	-0.0009407828959561961	0.0005770512324353214	
-6.988324652057715e-05	0.0005867982016464924	-0.0005673170770585471	
4.176808069320077e-06	-0.00019429353433360767	0.00038171495471466075	
1.619435948157422e-05	7.169635692830677e-05	-9.190103101087459e-05	
1.9056701291389982e-05	-7.246923619973657e-05	0.0001310544706498905	
3.618336018939747e-06	-5.993397219067866e-06	9.71791228300459e-06	
0.000146518180572189	-0.0001646112370374475	0.00023360538941472742	
-0.00022289345357735435	0.000362775980941417	-0.0003795407089046963	
3.960555391197272e-05	-7.639937352006771e-05	5.67883588269111e-06	
0.0003288246566711317	-0.0005785745661460726	-9.963116461523608e-05	
0.00034660500209276394	-0.0005167942853020837	-0.00019353356735094147	
0.0006218410998059104	-0.0005723922493031874	-0.00021983756064524606	
0.000734692357332746	-0.000917892245592199	-0.000154909885233901	
7.414227960031947e-05	-8.325753739249966e-05	-3.3945546964301794e-05	
9.626570816569376e-05	-0.000124207390355105	-7.239772295994016e-05	
0.0005925688400800252	-0.0005551841506335947	-0.0002320482779394506	
-0.0009212550710403733	0.0013688945406767807	-0.0002299127050654934	
-0.00013848080899448698	0.00032059840263549516	7.297314434813384e-05	
-0.0006746962025991602	0.0009249071072669713	7.709532072226981e-05	
-0.0008178364235725255	0.000826259643167025	7.89688917423924e-05	
1.584554974090173e-05	-3.5444149285756684e-05	-2.0465019037078488e-05	
0.00021356759957170276	-0.00039486947709680494	-0.0004073231396280693	
7.755985608334394e-05	-6.762831116946661e-05	-0.00011492279986627554	
-0.000376598077828474	0.0001577748064624616	0.0005888103612270983	
-2.186626939786205e-06	5.174598693256388e-05	6.95252598835095e-05	
-0.00012614713746831474	0.000465771549287066	0.0002541204340779698	
0.0007329867524357526	-0.0011346245179070613	-0.0010560128858117597	
-4.7287814907705257e-07	-4.5809854333335116e-05	-9.846055045342899e-05	
-0.00017743109208381706	-0.0008915416820737019	-0.0009317968266853209	
-7.403158122466395e-06	0.00017976232560813917	0.00023558104126625203	
0.00019287481803502502	-0.00017996078189083886	-0.00024401046160758862	
0.0004152042723710212	-0.00025095673573491005	-0.0004981184218219784	
-0.0004371537465459035	0.0001462134021921575	0.00036357592969731283	
-0.0003630497994844127	6.351052831962823e-05	0.00030347893688493274	
-0.0001897711283463812	0.00014432902801067793	0.00023145613601840276	
-0.0002852615756591971	0.00021650369769537762	0.0002567586759490138	
5.923735945401108e-05	-6.919485082212707e-05	-7.159343691818791e-05	
0.00044513077207448644	-0.00023016067009238637	-0.0006602184849608501	
-8.23557638733455e-05	5.238587495394357e-05	0.00010404320001735677	
3.604971923197054e-05	-3.678035579473818e-05	-5.357169164308358e-05	
-0.0006364777817645931	0.0005706823026211399	0.0005500924167183095	
-0.0005595907243779621	0.00019196519133440594	0.0003297621810321958	
-0.0010593735486104175	0.0001723458998038392	0.00040359451339504594	
0.0008605251083986541	4.835655677772891e-05	-0.000326615027293443	
-0.00033830755683386454	-6.583852362901038e-05	9.091859799254345e-05	
0.0002995082518459491	-7.264984881511713e-05	-4.794337207559167e-05	
0.0005877498619742123	-0.0002488601361715924	-9.743659627197626e-05	
-0.00010110507877068346	3.6364113671520655e-05	2.3594003137105706e-05	
5.0941307471696174e-05	-1.1785741464229278e-05	-9.982404428132765e-06	
-4.71758012557895e-06	2.188070418564988e-06	1.5257401114585034e-06	
0.0005593141639545969	-0.00026748322837965525	-0.00031093194605751653	
-0.0004341734041434541	6.0065819916838026e-05	0.00017853676182398882	
-0.000456424363934749	0.0001226014562251007	3.9156044252665615e-05	
0.0009699530235189224	-0.00014450270013005877	-8.670327381008836e-05	
0.0008538714255472152	-0.0004675944783354041	-0.0002124086755144724	
-0.00030331280046996334	0.00014153215038913388	1.3661651212716977e-05	
0.000342993094427209	-0.00019646022714351374	-0.0001211542221561055	
0.00015127892207475037	-6.504084842578842e-05	-5.293434965704123e-05	
-5.914834732255177e-05	-6.326574722682115e-06	3.3579838822655546e-05	
-0.0003889560139742934	-0.0001751784685236873	0.000241598775400499	
3.610741963490479e-05	2.371889042333586e-05	-3.508731768990366e-05	
0.0002799930431974572	0.00013041582089205243	-0.00028605619975644487	
-0.0001417943772328382	4.399953364376873e-06	0.0001013921074334551	
-0.0002883153369994299	-0.00014925438693866075	0.00011757795088487041	
-0.00037498205086297995	-0.00020380191468159718	0.00025711303155850516	
9.20005904840333e-05	0.000104553194990188	-0.00010707558800652054	
-0.00047357340326991944	-0.0006981955055747059	0.0007878422659189406	
1.560368084963751e-05	4.865834779840052e-05	-5.2340619662111516e-05	
4.7881883931546086e-05	0.00026807925863523785	-0.00022301319643509428	
-0.00026069414924639336	-0.0004069442274728526	0.00035928809673552116	
0.0003451832622237342	0.0006539945853971526	-0.00039564890717120325	
-0.0005800466375640135	-0.0005898776048971153	0.0005495217151123956	
0.0003004191469703674	0.00041594426907310984	-0.0003145846473152527	
-4.400051137961778e-05	-5.069310229618487e-05	7.486203631183023e-05	
0.0004931865048903947	0.0009108298728085286	-0.0008581897339366408	
-0.0003409124658451085	-0.0006442185828887121	0.0003576897862759615	
-0.0005879573229566789	-0.000630072484216764	0.000513784694211086	
0.0004331177312434485	0.00037875913868174225	-0.00045222561354439433	
0.00017118946254783803	0.00015292092499074347	-0.0001304593222341163	
0.00012069298936932586	0.0005549402030165873	-0.0007331702070195252	
8.542914613197519e-06	-0.00011202434917676393	0.0001427792359020215	
-2.5523879397846185e-05	0.0003299911711362435	-0.00033543217284397105	
-6.721361454478527e-07	-0.000592971548052242	0.0006377751110593241	
1.948584908405398e-06	-9.206055312808375e-06	1.6332303064940577e-05	
7.244247750732197e-05	0.00022546956435372454	-0.0003424377574426604	
-5.964663923259031e-05	0.0003150705270936236	-0.00037358749538576647	
4.836045721777225e-05	-0.00011939670624683961	0.00020526168699185377	
-2.8915662316463077e-05	0.00011839666786225573	-0.0002630442926945249	
-2.4178328157708217e-06	2.6545569650663833e-05	-4.9100150067409536e-05	
9.767195173324426e-05	-0.000562595115827668	0.0004568300253395114	
4.632144227962127e-05	-0.0002910619069224106	0.0002006904939948507	
-9.50931524941602e-05	0.0003162165751157619	-0.00021599145820203706	
0.00035562254977561326	-0.001229888465529208	0.0007318451247317915	
3.474420322000511e-05	-0.00038599533300451424	0.0001933724547198161	
-8.39556237743643e-05	0.00048825371337341147	-0.00019126733489358152	
3.2505807749601975e-05	0.0004706146779036254	-0.00023469010040985124	
0.0001038153483069738	-0.0004175658469583463	0.0003185252261452619	
1.4670390520779055e-05	-0.0001561370411710699	0.00011848268727410119	
1.6354848566311988e-05	-0.00017672665839039135	8.292512690786552e-05	
9.935147043883983e-05	-0.000579853745259038	0.0002392003768576582	
-0.0001592612973808436	-0.001561642784820714	0.0006115442966134677	
-9.179610061370461e-05	-0.0007360022261560852	0.0004178339196832726	
1.9060816422374835e-05	0.00022892991965985438	-0.0001243674069216982	
-0.0003484091049243276	0.000777189651473871	-0.0006089650872825236	
0.0003259376939803809	-0.0005629776556287634	0.0004410018784533613	
-6.660217181068899e-05	0.00011887662360431331	-0.00010818110444267506	
-4.7221795156269266e-05	9.994033263622252e-05	-0.00010143819547755001	
0.00047315573511311275	-0.0009755584268484185	0.0008423206169837986	
0.0001984133485644647	-0.0003554907484233267	0.0002356827902825538	
0.0005526651473887489	-0.0007787998738984989	0.0006455164753983299	
3.336302521931594e-07	-5.152373014405194e-07	4.648292309242835e-07	
-5.593009650071881e-05	8.736929324613912e-05	-8.748451656824767e-05	
0.00020486515265872888	-0.0002919679238130456	0.00036232074735481347	
-0.0002951414976788003	0.0003466683087490011	-0.00048117266977564356	
-0.000143899610925374	0.00019266889212288553	-0.0001841373764217272	
-0.00036178869004620945	0.00043087376496081075	-0.0003755793893571233	
-0.0002133306446448685	0.0002818766455682402	-0.00022491279163296658	
0.00031461178843975973	-0.0005805157078325877	0.0005607822533741976	
-0.000271232690321027	0.00033054062113666043	-0.00035159187015877013	
-0.00010394290817984836	0.00015121537594230225	-0.00013350138243011352	
-0.0005988386219355604	0.0006182099196763321	-0.0005938372757590134	
-5.323054300371291e-05	6.341410969882243e-05	-4.969040930793757e-05	
0.0001783458030956569	-0.00021093432114790818	0.000171942781354153	
0.0007362084493902132	-0.0010597695729950651	0.0007232554289953853	
-0.0002794180959033746	0.0004582747041034864	-0.000609204588356458	
5.7368024776669686e-05	-8.8858932679624e-05	0.00014339666389583493	
0.00010423385693794644	-0.00015718834751340689	0.00028907030894187354	
0.00033542018352728377	-0.00041163787710298526	0.0009316088728074722	
-0.00043434577210012536	0.0005176697042488003	-0.0009269593024335281	
-0.00013860473531790546	0.00017520458457630865	-0.00028087710467491843	
-6.334103495411335e-05	6.725773524665868e-05	-0.00012085743880592066	
0.00047255288101751334	-0.0005222050734714101	0.0008533386052173177	
-0.0002621289431358408	0.0002730177177165339	-0.0004070923382507796	
-3.467317538362664e-05	3.271701739864095e-05	-4.740947806160774e-05	
-4.6038445350741584e-05	5.023652932788971e-05	-7.022981464764167e-05	
0.0002939086944091761	-0.0005527001989870058	0.0006875643504570402	
-0.0003025533701846255	0.0005637497648649637	-0.000900620441985495	
0.0003481994698974734	-0.00035631864054938485	0.0006497720449316129	
0.00027078392756674626	-0.0003078862413948757	0.0006287824843908423	
8.100896873908937e-05	-0.0001201564120686149	0.0001861355617402823	
0.0002348991181442562	-0.0002959460401825864	0.00042749216255837666	
-0.0001628285619843578	0.00014882311351116525	-0.0002817832008857556	
0.0005985594784448637	-0.0006385169375116095	0.0012661406465210574	
0.0004288589304022949	-0.0005071417662004962	0.0008353980521154886	
-0.0003654884579755819	0.00033222551000683983	-0.0005038625513434716	
0.00024504279617453977	-0.00022522172840407355	0.00030662557566002457	
0.0005430689094425254	-0.0006294283411236252	0.0008942088453533199	
3.94389879294433e-05	-4.170941914012518e-05	5.520682488185243e-05	
4.2540318439435834e-05	-8.035319560155921e-05	0.0001314746403843435	
6.098488560607843e-05	-0.00012440660293650224	0.00022946700748577385	
-0.00017246287055326418	0.00024130762338054438	-0.0004903553589623764	
-0.0002918174780128492	0.00036694868330344765	-0.0009421551213667166	
-0.0002399175352909832	0.0005114846852108941	-0.0007305466401522341	
-7.643497679602921e-07	2.235316715898183e-06	-3.7192594823067537e-06	
0.0001304502375592554	-0.000276216784782631	0.0005916028359515752	
4.017776356731855e-05	-4.5470634699122764e-05	8.190417720002158e-05	
-0.00015519756522237892	0.00012990883764304998	-0.00025157119724193895	
2.2764744425504432e-05	-2.2216032715181996e-05	3.666750039400711e-05	
-6.323032634548887e-05	8.368860254160303e-05	-0.00010521563458562961	
0.00026628664875483053	-0.00019394698972050137	0.00033036356901283324	
3.383052096763092e-05	-2.1161755705614825e-05	4.337506621265599e-05	
-0.0008253314754282942	0.0004690114348329075	-0.0008092718208246231	
-0.0005755851713504473	0.0002806968606031902	-0.0008292511290777367	
2.0714627520150272e-05	-2.433725299043812e-05	3.952332528660353e-05	
-0.00011981857371957765	8.023566808952864e-05	-0.0002019471282646327	
-0.0001938637444187472	0.00016756561541585632	-0.00023347632589306854	
0.00020657149791585274	-0.00015340081963434446	0.00028474714869950113	
0.0005529688076091032	-0.00030743147793359243	0.0006161882031817998	
-0.0007498350992333725	0.0004081757833215724	-0.0006440268956785382	
-0.0002424577342583273	0.00015363869392163852	-0.00022745210368694301	
-0.0005184628173516491	0.00022845350130636612	-0.0005205440427288842	
9.131832122252413e-05	-4.179159856453666e-05	0.00013061453339445277	
-0.0004500562739904101	0.00016616399735678132	-0.0006040822184157664	
-2.85321444546719e-05	1.5886087396611365e-05	-4.82357150230736e-05	
-2.993390166348667e-05	2.2116604049793264e-05	-4.5894294178200074e-05	
-0.0005168388087371794	0.00042941052811825065	-0.0007697213681516167	
0.00015578728683666394	-0.00010317293304250081	0.0001450120108903233	
-0.0003668788941682777	0.00014726553275844762	-0.00028323356881761	
0.00012190124219218707	-6.99329337785388e-05	0.0002257090228089817	
-7.233575176402481e-05	5.129611399369061e-05	-0.0001565769256442598	
-3.6608402654364596e-05	1.6885611124372012e-05	-4.788537593332823e-05	
-7.882496917005209e-05	0.00017850730937925074	-0.0005282719142028028	
-0.0006699436902816799	0.00037276327581181113	-0.0009026058073051697	
5.3123095552623423e-05	0.00034449727275724434	-0.0009368230734481327	
4.358104896929966e-05	-0.00017169820395229228	0.0004125716712112942	
0.00031021488687524816	-0.00016707735504532006	0.0004655620717136314	
-6.662617911558342e-05	8.208459936242111e-05	-0.00011744990758966082	
9.781081184776068e-05	-6.397208100044904e-05	0.0002465692993493455	
0.00022822717747611243	-6.466636844250804e-05	0.00034617486693263493	
-2.770813235185968e-05	8.748948231688319e-06	-2.5230896139582527e-05	
6.327474750694343e-05	-0.0002827407121631531	0.0008545627914231303	
0.0005316661399194863	-0.00018847022885635183	0.00037337024443195887	
-5.114090624222018e-05	-6.550317168308343e-05	0.00017663519153738919	
-0.00013376181899142636	-0.0003434121907267684	0.0007052245282668243	
-0.0006936266911810198	0.0006281110731124878	-0.0005488686634576388	
-0.0004889624570572256	0.0003892726582416631	-0.0002369363894196636	
-0.00038458515220375774	0.0002763524500799261	-9.806216970438738e-05	
0.0001051204956431307	-7.759145271342471e-05	2.3951489950936665e-05	
0.0008174773211515226	-0.0008571314794273218	0.000376264354963838	
-2.499333015470554e-05	3.530587994726525e-05	-1.0647849970664852e-05	
0.0007888528599264767	-0.0009151058646506947	0.0005298097823574399	
-0.00035934079613955206	0.0004268637655194847	-0.0003309530965716342	
-0.0002551770450262797	0.0001641651161531014	-0.00012321023614155014	
0.00025831463751141925	-0.00024629252938919275	8.577098050439309e-05	
-0.0002612680879055936	0.00041663511530041656	-0.00010663200880082086	
0.0002989336125308366	-0.00039413300441349573	0.00019137244266678028	
-0.0002693581407931802	0.00026488523399331997	-0.0001775824454309195	
8.668452365643642e-05	-0.00011182475934161805	7.613373084629761e-05	
0.00010322035899501669	-6.498695978198303e-05	9.28904246323397e-06	
0.0002629023567926699	-0.00015195289006823324	-3.162953686399532e-05	
9.031679682406831e-05	-7.552840472233931e-05	-2.4413169686912763e-05	
-0.0004666860280556927	0.0003802452807178128	0.00021899530577412072	
0.0006396995154508233	-0.000353209644842052	-0.00011949166627697113	
-0.000133031891029091	6.496023050566034e-05	4.887260938328841e-05	
-0.00028188062669303783	0.00013764297190583334	0.00010861898909538446	
-0.00031734571873925514	0.00014342170128279656	0.00017316809776243012	
0.0007191162263357305	-0.0002977053496678462	-0.0003881225091851271	
0.0009122621243954048	-0.0005563738889483483	0.00010167662710635527	
0.000351688214932475	-0.00015430956898204262	-4.777006769340077e-05	
-0.0004452608537695298	0.00020820116954402973	5.050766636321424e-05	
0.0011696438820191825	-0.0007884733874197973	-0.00021194169822487212	
-0.0010903982442160994	0.0006313571121137882	0.0005183751304063123	
0.0008000199855282788	-0.0002930076742125442	-0.00029748187039207395	
-0.00021460013963665	8.911480324854747e-05	6.7216747892815e-05	
0.0007115023702157004	-0.00042021765498984775	-0.0002643343671631213	
0.0010602260453956972	-0.0005827875377355334	-0.0006779417003716004	
0.00032286185675415083	-0.0001172712687586059	-0.00018523946223217318	
0.00024687962720592823	-9.776878358104302e-05	-0.00015403703709382526	
-0.00039383242582836963	0.00013622304788336797	0.00018739173394939282	
0.0014690706891849052	-0.0007095385636566433	-0.0007652926398703429	
0.001040470645314523	-0.0011584485360796387	-0.00023362487027642445	
-0.0003475665251125961	0.0005534473700330769	0.00015518644643245787	
-2.614803535128793e-05	5.563961698876435e-05	1.2603609229607647e-05	
0.00015400820460777402	-0.0004961259211746843	-0.0001825730039720105	
-0.00024118427388798198	0.0004622468763802581	8.611477592957309e-05	
-0.0001685618062300697	0.0002725728019968045	6.504941253600389e-05	
-0.00013340264534176104	0.00016242393300001403	2.8399775014672498e-05	
0.0006697263753268726	-0.0007423843883483286	-0.00019262019165005497	
-0.0005493540348116488	0.0006060112510345211	2.3840743894482393e-05	
-0.0007838750948576645	0.0008643303280073293	8.408175579078321e-05	
0.0003664362134229043	-0.0005664845056761874	-0.00024544144909414154	
-0.0003391203925132539	0.0006549325790768976	4.196313364502885e-05	
-1.372392420376069e-05	3.447033013705656e-05	7.37647243146795e-06	
0.00012162788554462859	-0.00022380845109190047	-4.523530040328128e-05	
-9.053840532849317e-05	0.00014306091687795196	5.077021157375101e-05	
-8.132597456499667e-05	0.00016615759082091905	2.7208897358304055e-06	
9.147204939072997e-05	-0.00031404395309097237	2.4990931686574183e-05	
-0.0002333870961024615	0.0007159387631400335	7.261649431650033e-05	
2.09621274347313e-06	0.0005552641318644855	0.0001193538069958135	
0.0002500815814840318	-0.0007718522517439244	0.0003189653200297067	
-3.89879346562695e-05	0.0001431174205665373	-6.708011234208865e-05	
-0.00013857908737339663	0.00034900394256868073	-0.0002309995923096917	
-2.0226378704364454e-05	0.00014126768755751024	-4.922241057674418e-05	
0.0006246068336467736	-0.0010484698055560166	9.386569450888704e-05	
3.06233849100162e-06	-2.4346516639787775e-05	1.0091543916743001e-06	
-0.00011174353116430306	0.00019852329000146502	-0.00010284663687233641	
0.00012941235636365224	-0.00077179548759509	0.00040702550145783076	
7.325306201095559e-05	-9.19816381265033e-05	-2.2131799860882472e-05	
0.00021505514797757132	-0.00016638111615903606	-0.00016055554751457472	
-3.281676272737981e-05	3.77057303278185e-05	5.851120158346819e-05	
-0.0001005135594783463	0.00014712033317805558	0.00044047866322701644	
-0.00022005775973157164	4.1835310456327924e-05	9.442875406598822e-05	
0.00046900042773086214	-0.0004464055038276766	-6.424856118003003e-05	
-0.0005328815234182721	0.00044909496988027167	0.000482628076141735	
0.00016207354990464067	9.617143132331186e-06	-9.877792602213783e-05	
0.001413125262529429	-0.00015963094534091735	-0.00019858688148796555	
0.001312040179440322	-0.00037011217054152526	-0.0005840534903219072	
0.0001974079328438083	-0.00025326527840966964	-0.0002994640994568468	
3.209524791318724e-05	-5.362218346665087e-05	-8.040821191263007e-05	
3.464209704927678e-05	-0.00026725018273310666	-0.0003615750850202288	
5.543135526427523e-06	0.00012243180629776672	0.00021493676949626374	
-0.00035841868657702684	0.0005445470569072383	0.0006690208233709551	
0.00024621247571886506	-0.00021808517381604069	-0.0003139503318245503	
0.00014037959752388475	-0.00013700191324100556	-0.0001570844670643194	
-0.0004696692363778787	0.00030135596539887424	0.0007001513597496053	
0.0006452808068125515	-0.0007712356582563857	-0.0006919671875773596	
-0.00017344708835392798	0.00020631579248629476	0.00045443888725621716	
-0.00016347463851523514	0.0002916607547251274	0.00027037001132463115	
0.0002543061897131296	-0.00046944289680092343	-0.0006180601078593549	
0.000739106840624482	-0.000541268250751439	-0.0007573003440629843	
-0.00035691321356532703	0.0002798325496256568	0.0003455612696807084	
-0.00016128090823140398	0.0001791677257185609	0.00015968405347329822	
1.1023117123915043e-05	-1.2392738023852708e-05	-1.4957770855191176e-05	
-0.00014169435932847804	6.742781152399032e-05	0.00017674673568862033	
0.00029144948210368276	-0.00022830214305249406	-0.0005185341757314824	
0.00030073604687426365	-0.00016263711350438523	-0.0005027169275960108	
-7.487906490122126e-06	-0.00047911029003131145	-0.00044755771737944443	
-0.0001263892211632785	-0.0003830670484763002	-0.0003354126505617409	
-8.446915405223925e-05	-0.00012242285869681958	-0.00015517389530234722	
0.00016055359385169738	0.00015839691161969934	0.00023370396579307202	
-3.109279364338938e-05	-8.299657602254545e-05	-4.37812952972063e-05	
0.000146576485771442	0.0006582435022098348	0.0002542557102030671	
-0.00012071092541800808	-0.00036836292931991167	-7.166622932226687e-05	
1.4406332530115962e-05	6.663545510539143e-05	6.299367616379393e-06	
0.0003388868511759883	0.0010451624063163207	-4.2644869881065604e-05	
-5.455508399074925e-06	7.51646936908124e-05	5.5008808615469816e-05	
-2.145923014061945e-06	-6.79746577865412e-06	-6.211025442467073e-06	
-0.0001631845899889383	-0.00045541602511134556	-0.00019374817515106405	
0.0002916663424497035	0.0005254145244262893	0.0002772364561532021	
-5.6045580200198415e-05	-0.0002552470330179385	-0.00012018709738385596	
4.6710451847917757e-05	0.0005548242163483138	0.00019405045855136032	
-0.0004018449112482885	-0.0010611793334429902	-0.00011901694353564106	
0.0001957085625833372	0.0004505183074803652	0.00010643323969312662	
0.00018130992306514336	0.0008917651300081365	0.00013201548944290082	
1.9963567995595273e-06	1.8138235654096756e-05	1.1627651649175814e-06	
-8.551889489127107e-05	-0.00028837937570605325	2.0796175080161173e-05	
0.00018880042747252998	0.0005995332428006482	-7.264052364387451e-05	
-0.00024781281882641697	-0.0005775965320734652	5.649344360226847e-06	
-3.1658958093467045e-05	-3.613675686622743e-05	-5.80318535786997e-05	
-3.348172174002298e-05	-1.2149904408207245e-05	-4.7206610810502846e-05	
-0.00037143057143654604	-5.340005581688832e-05	-0.000782905664597671	
-1.5988808678755477e-05	1.4938391188452066e-06	-2.732186722602182e-05	
0.00027569033045991116	-8.761637629707897e-06	0.00030984879293709017	
0.0007624042775382237	0.00013725913202768106	0.00035512699496742343	
-1.2250656147503926e-05	3.3034577210854314e-06	-1.4537865753712548e-06	
-2.878791265101314e-05	-4.78430742888785e-06	-8.580301703640306e-06	
0.000176012147262174	0.0002970389362715487	0.00040947322481075295	
8.967895664731593e-05	2.9104847639364397e-05	9.168920476203966e-05	
0.0002642873642109729	-5.264233646542731e-05	0.0005076834759328772	
9.024148076370052e-05	-2.962308641840601e-05	8.939077749507271e-05	
0.00025898999976577515	0.0001520347465441991	0.00011975748808848811	
-0.000626155663699024	8.743762698446322e-05	0.0001479159221752631	
-0.00037463105290095434	0.00022458252047124677	-8.499289277155889e-05	
0.00030383742257453466	-0.00014804467613547612	5.4190349172582844e-05	
-0.00029621904288076075	-6.986448151441385e-05	-2.670705522054841e-05	
0.0005499999184186658	-1.6839359936655262e-05	0.0001663691074894229	
-0.000489882544737251	-0.00014531361410835672	-0.00021572083851010754	
-0.00011431864358360431	-5.100096914638599e-05	-0.0005342371412330447	
3.511530588448957e-05	4.2572514579066915e-06	0.00024401863855117467	
-0.00022953722007678826	-0.00010778129912946492	-0.0009035229231941275	
-0.00015297705328407265	-1.428008786299448e-05	-0.0005199545676318497	
-6.904688251836385e-05	8.063817898613735e-05	0.0012402604991647388	
-2.50366401032774e-06	6.340084791585664e-07	3.698576539226713e-05	
-8.561950840347185e-05	-2.9713837322363733e-05	0.00042449873731671727	
3.325932834443328e-05	5.511341574543196e-05	0.00032560288929421957	
-4.292943774766248e-05	3.0389133291555236e-05	-0.00026426029666549566	
-2.3833847325451272e-05	5.798784390326935e-05	0.00029700936342260146	
-6.022317837646244e-05	1.4914937655944206e-05	0.0003675414316193566	
9.475221432058391e-07	3.002159051444665e-05	0.0004256149668888372	
-3.28866011046765e-05	-5.792147910976898e-05	0.0006658985751937797	
0.0001338550172907474	1.4931739008507717e-05	-0.0004106889586226265	
-8.851568755587968e-05	-0.00010475618227399581	0.0005328971529253327	
0.0002830608068002189	8.944662503120081e-05	-0.00131610249407099	
0.00038363855382900544	0.0004011729229022962	0.0013990938409134566	
0.0003619944975159641	0.0003720045097855324	0.0010388443535253873	
-4.2303252580873634e-05	-2.5272931966280646e-05	-8.101893447496272e-05	
-0.00017376373133821146	-8.620077737428405e-05	-0.00031615333390472446	
-6.348734316372748e-05	-0.00010027116907033609	-0.00018625029026975222	
0.00010642138105639426	0.0003393566731148833	0.0006252044336852142	
-1.69028601039735e-05	-7.577799954027584e-05	-0.00010808455882108792	
-2.5104665537001824e-05	-9.783558852589451e-05	-0.00011254775835596317	
-4.659677565547627e-05	-0.00035996546239380154	-0.0005352828004249692	
5.4951210431004296e-05	8.436677657537234e-05	0.00022755053737657512	
6.198768815680193e-05	6.720217314718559e-05	0.0002136112909494529	
-0.00010706715915039841	-0.0001765728366546687	-0.0002823445342954858	
-0.00011026685501854803	-0.00015483224688986124	-0.0002665834484349397	
-6.387753211750881e-05	-0.00019331823215365632	-0.0004246091570122797	
9.005292699516936e-05	0.0005204083908657873	0.0009775306319149875	
3.2937132130493603e-06	3.323244416047473e-05	5.683044246997365e-05	
-3.24270373233412e-05	-0.00030861198741416544	-0.00041224582765622583	
-0.0001292261200810859	-6.029337244854722e-05	-0.00019451817610818866	
-1.432787208167687e-05	-4.130741820940574e-06	-1.62491115074576e-05	
9.565362490324799e-05	6.83489746122198e-06	0.0001153825338475331	
-3.1588151190472966e-05	-9.280614868941459e-07	-3.523372940332673e-05	
-0.00028994394934319544	-7.308348153582881e-05	-0.0002500699027187417	
0.0009707347187494313	0.0001358902059723565	0.0006281473863362894	
0.0009144432656096859	0.0002293522795902245	0.0005459581818497566	
0.0009224541604666384	8.505809272513617e-05	0.0004161600135894239	
0.00010090618164804494	5.219899328679498e-05	0.0001531795929963003	
-0.00046139990353159875	-0.00016324584848888572	-0.000498218100816619	
-0.00016023882199118353	-6.350208947763333e-05	-0.00013089483299168485	
-6.879113627098797e-05	-1.1905464273530125e-05	-6.261151731944073e-05	
0.001224006108422373	4.607299014752012e-05	0.0008437437418265137	
-5.435141445567823e-05	-1.0697756567479089e-05	-2.7929926802940826e-05	
7.971475748912403e-05	2.2036493149573407e-05	5.594195369679759e-05	
-0.0007493163542537026	-0.0002618254669870724	-0.00041528716261249023	
-0.0005808039093095788	-2.643022232759169e-05	-0.0002158103043622245	
0.0003831045694918027	7.67670163141342e-05	0.000152131557460807	
-0.00017582760539694434	-4.4062125413340407e-07	-8.337551672029952e-05	
0.000583470244428388	-5.278567313529175e-05	0.0008243459934641618	
-0.0002797591945780563	8.591521798031852e-05	-0.0004176055181585959	
0.0002332644762098229	-5.7781285678993876e-05	0.00040413447694665774	
-0.0001033607862755912	3.159597843697262e-05	-0.00016682193632560287	
0.00017992658768439725	-0.00010748838774199702	0.0003308798049333051	
-0.0004986156674153373	0.00043123393758462885	-0.0009657322400918131	
0.00031702767042378685	-0.00044975306925946367	0.0007664632020984569	
4.164439249750951e-05	-7.269366638960019e-05	0.00010822420693698752	
-7.670582627850313e-05	0.000223512816044218	-0.00027404528404600324	
6.221801627411691e-05	-5.638763850168859e-06	9.633853925614448e-05	
3.571896198085224e-05	-1.2071347513980122e-05	4.507071727669213e-05	
0.00014501105098464732	-9.306072436819534e-05	0.0002399831143114589	
0.00039456269976894493	-0.00024045417306181076	0.0009195619530758615	
-8.359655089758154e-05	7.119991771030354e-05	-0.00018218297242568134	
0.000518188130080195	-0.0004132589824091001	0.000826360999670646	
0.0004053371362731007	-0.0005789057498650807	0.0008407756774473491	
-1.5203944595823338e-05	2.6378295207520993e-05	-4.966866454514531e-05	
-0.00014408570475498477	0.0002493843558987333	-0.0004243398555542745	
-6.387613361275413e-05	9.53172357650936e-05	-0.00013163649044417689	
1.4302344024714552e-05	-4.0430144578944897e-05	4.400895782530588e-05	
6.751100688841856e-05	-0.0002229144939478384	0.00025915684933574445	
-7.1456183219135484e-06	2.8037669736429387e-05	-3.665013078124749e-05	
-0.0001590643483521171	1.8130880909456556e-05	-0.0003429124017041394	
0.00030090408952133165	-1.260473801499309e-05	0.00072135101502781	
-0.00037876942461874006	-2.2768372994085514e-05	-0.000728249508288444	
0.00035819185837363747	3.4093771229919134e-06	0.000691348250497673	
5.745928101142428e-05	1.220518965731014e-05	0.00017760050385372058	
0.00013650587797133662	1.4930681616471669e-05	0.0006648704613275574	
-8.998585724956867e-05	-8.481686817424951e-05	-0.0007330341419258766	
4.688154227357507e-05	6.82504596532501e-05	0.00031386661531102207	
9.134674473375394e-06	6.423414771558252e-05	0.0007647582399968508	
-7.284700005221373e-05	3.021363481188293e-06	-0.0001731416639138261	
-0.00013319604076600334	2.8153943007730852e-05	-0.00034306585848322394	
-1.8036045708379547e-05	-7.069633341968293e-06	-5.178186684935317e-05	
0.0003615768555682874	0.00010331355108208648	0.001149075495366318	
-1.2553735575594887e-05	1.8614281978880499e-06	-6.902281263364219e-05	
9.599429865805032e-05	-8.930003772984181e-06	0.00045843812432367124	
-2.703640592091739e-07	8.739704002478439e-07	5.1868604240391485e-05	
5.3897856378461386e-05	-0.0001915132344491078	-0.0014492643238242433	
-0.00021499738157304925	-3.768169723010657e-05	-0.0003540087019130045	
-7.29900267866902e-05	-1.618925723254743e-05	-0.00010261217584725557	
0.0004610051059252723	3.7826302774739606e-05	0.0005829124393896167	
0.00023649079084475582	2.0862440532456435e-05	0.000296002133991611	
-0.00048163514891218315	-0.00015396178172195142	-0.0005868146463505308	
-0.00016051858636330138	-8.042894217266363e-05	-0.00021582691290699633	
-7.35605455500664e-05	-2.44092676767069e-05	-7.777196212660389e-05	
-0.0001666443794583989	-3.652138212906322e-05	-0.00027161217905890867	
6.276289583955634e-05	1.782416791390472e-05	9.408953187503143e-05	
-0.0013443117050607203	-0.000351402696767126	-0.0015372505932606903	
-2.8545067197356876e-05	-1.5005534248500077e-05	-4.1717910113441425e-05	
0.0001469983872646847	5.6027641257341434e-05	0.00014124166775434925	
-0.00015178435934486335	-3.690731342682269e-05	-0.00015148187819545784	
-0.00011904329138315383	-4.546660947410931e-05	-0.0001352096616559459	
-1.2991147797497915e-05	4.1239601440444474e-07	-1.5260147370922218e-05	
0.0003377697703261065	-4.426771396396814e-05	0.0003618723261106997	
-3.3015996875510804e-05	6.501302164472667e-06	-4.010819804280492e-05	
0.0002751862524632951	-5.544366226037839e-05	0.0003194081313563553	
-0.0007652390027624893	3.656871090074567e-05	-0.0009021199978746104	
-0.00013352303824684244	1.161755554066179e-05	-0.00013018599580453787	
-0.00045646775169999213	9.041326894852848e-05	-0.0004636823972155484	
-5.277951940669699e-05	1.3305924742578524e-05	-7.562778458612475e-05	
-0.0007284771710019664	0.00024483698994417374	-0.001169703806526396	
-0.0002698003658554478	5.906568998781057e-05	-0.0004447172274499604	
0.0001247332955393027	-3.154002268652894e-05	0.0002045738364299304	
-4.721164799962091e-06	2.132663432986614e-06	-9.295709138266215e-06	
0.0003734923012556005	-0.0002410509587126317	0.0007279934636935808	
-5.923539916153712e-05	5.3183306017086856e-05	-0.00014919993128793832	
0.00017343514263698932	-0.00020599770868030964	0.00043158153379858097	
-5.654023851794477e-05	9.76561718656506e-05	-0.00020003433610097803	
0.00026301024786720267	-6.566550745394328e-05	0.00039829703743122575	
-0.00016124869420989057	6.498441007280819e-05	-0.00024395128917114635	
-0.00020790020433965057	7.726547178341066e-05	-0.0004375035622823401	
5.96338672105185e-05	-2.9710454161619464e-05	0.00012754448532119374	
0.00026015037348984924	-0.00018202227547603594	0.0004735991106614546	
0.0001709819924315311	-0.00010127797401354849	0.00030417603411729614	
-6.929640138732239e-06	5.94761287330001e-06	-1.917279906413236e-05	
0.0004087957017398409	-0.0003929397857175433	0.0011405592116922759	
-0.0002965300408918336	0.0003563554244886217	-0.0006808655974823986	
-0.0003024877364489854	0.0003391764076439632	-0.000673360772720832	
-0.00012189700259763213	0.00025197409975556175	-0.00044721033854636046	
0.00013269076888006707	-0.0002347735617136927	0.0005285419765065344	
0.00022086469819430034	-0.0004032118305525255	0.0008645064740297916	
0.00017391242350398375	-1.4563724541529606e-05	0.0002959232211738151	
-7.98410010550954e-05	-1.681867077228495e-06	-0.00013973899184890223	
0.0005647941792521255	1.6918917109519176e-05	0.0008516494423679317	
-0.00022819892762620286	-6.6410072574274314e-06	-0.00034815075772267706	
-0.0004895339194593558	-8.751031325651144e-05	-0.0009025565535530651	
-0.00036731327299507313	-7.778286306474312e-05	-0.000834978689724923	
0.00023738667377315404	6.83795472107565e-05	0.00043026964501407584	
9.193559186336709e-05	3.753984474007163e-05	0.00022270630244609685	
0.00031798741810539925	-1.4581585027284092e-05	0.0005443900013400797	
-3.6740220848137884e-05	4.885075290342002e-07	-7.008946079699473e-05	
-0.0006057559126291278	-0.0001205630710448943	-0.0010329879960697254	
-7.1835873179708715e-06	-1.6361147336300596e-06	-1.7703754562944682e-05	
-0.00010469781170875207	-1.0049144440804633e-05	-0.0002459321229563113	
3.692019418089454e-05	1.4679549996893436e-05	6.915543339604404e-05	
-2.5645504711539925e-05	-6.814273564131699e-06	-4.1736723230827414e-05	
-4.9883189440767276e-05	-1.3387975138730935e-05	-9.694225455615784e-05	
-0.0001683499760956145	-7.868749714081846e-05	-0.00048483686252241156	
-0.00017126060827296787	-6.608340460692216e-05	-0.0003806962547175168	
-0.00048025793867346187	-0.0002480682913107476	-0.0011275575009797143	
0.00023692048831834147	9.27166551966755e-06	0.0003132106208462909	
1.5020957300008353e-06	6.431934499590326e-08	1.7573066965206756e-06	
0.0012845354225565278	-6.943347467780468e-05	0.0014816680561740025	
0.00036111457133371276	-1.6688325917695023e-05	0.0004050483539549765	
-0.0006080083019646314	-4.092516093381457e-05	-0.0006207306567936999	
-0.0006062059505622756	-0.00010558077895644851	-0.0006185157464502029	
-0.00021238663856985228	-3.9729116460702944e-05	-0.00018680598665707512	
-1.2888669899591854e-05	-3.253169316177877e-06	-1.339653758239423e-05	
-0.00011262754017275691	-4.824289706725437e-06	-0.00014580035897577943	
-7.57148002781918e-05	-7.1679382900840835e-06	-9.023636351252192e-05	
-0.0009329176257930344	-1.7596555093128014e-05	-0.0009326233342157638	
0.0008489961374879951	5.0021828447178664e-05	0.0008071205084825934	
0.0003395479395179761	6.45883682360957e-05	0.0003769025079030522	
-0.00048601701244307645	-0.0001256369089281279	-0.0004266960612547297	
-0.0003357689360238042	-4.779968295774907e-05	-0.00029051149583341043	
3.0222375639721517e-05	5.122351796029887e-06	2.4612340296229344e-05	
0.00014609992941746946	4.712218589646578e-05	0.00015175958012521982	
2.9325396617889042e-05	6.8364760592562565e-06	2.8367834567493565e-05	
0.0007355747278444241	0.0001833660799443775	0.0008312406378426393	
0.0002789304991861453	-4.062721587884471e-05	0.00032913570499515973	
-0.00035220148323615103	8.143168285241898e-05	-0.00040799410581244297	
0.00021401162521452377	-4.986093579222645e-05	0.00027400107519366977	
-0.00016839206563839872	4.179801791370752e-05	-0.00021037134717952558	
-0.0003586295670325954	0.00011878844021495234	-0.0004241244568625199	
0.000313048670096335	-0.0001319892366979975	0.0003629729126735641	
-0.001032293594879814	0.0005422005941334804	-0.001195788222901413	
5.388254373346776e-05	-3.2102097898933736e-05	7.009167413192852e-05	
0.0005878057671191975	-0.000319243870744912	0.0006081786396517517	
6.888420421750296e-05	-1.1138045965260151e-05	8.361415137624326e-05	
-0.00015276325324412629	3.420551004467631e-05	-0.0001629500767719764	
-0.0003602799525208354	0.00011571981950794849	-0.0004000445109745855	
-0.0002738603486755553	9.607753731555808e-05	-0.0003560096708901779	
0.0002988874266914316	-0.0001324774462312772	0.00037112006205366544	
0.00011423757688209716	-4.542682113346005e-05	0.0001222270743197998	
-0.000498100893313707	0.00010618222964864097	-0.00071465316602185	
-0.00016930093426316888	3.71025770471348e-05	-0.0002661439998910724	
0.0005279226548846943	-7.012470888826372e-05	0.0007984110881230779	
7.38675119869427e-05	-1.1217831764167857e-05	0.00011449726183377211	
0.00019946528235039322	-4.353826502760257e-05	0.00036410328419011654	
0.000254475272891877	-9.021740584336211e-05	0.0005056861839943657	
-0.00038183183637025014	0.00014663013095393002	-0.0008366690192780702	
0.00019631568010800758	-9.596294592705558e-05	0.00039772898351283804	
0.0001009475289125751	-5.69073972227429e-05	0.0002406792293165566	
-0.0004078161623734859	0.00025463473938662663	-0.0009216153571591998	
-0.0007620956107207906	0.00014874134044815047	-0.0011242559723347886	
-0.000878740612867913	0.00025275042802672256	-0.001376572424441904	
0.0001924075921227708	-2.876201759627425e-05	0.0003516652774857022	
0.00016473533667980494	-3.239338538304028e-05	0.0003157105212583813	
0.0003763855582121806	-0.00018751774544239182	0.0007295704034949136	
0.0004354890957229464	-0.00028260793699398006	0.0011379184612743593	
0.000570921949331165	-2.7681857073686275e-05	0.0008140109202398479	
-0.0005499772093455366	-1.0199140370939692e-05	-0.0007605008667861574	
0.000679982986930913	-6.62499807533681e-06	0.0008479451899178789	
0.0002486092732811141	3.8163059102272715e-06	0.00030633807907832084	
-0.00026259381785859024	-3.023098312442765e-05	-0.00035788881373476273	
7.850380502148032e-05	1.4140702627155737e-05	0.00012011654400507635	
0.0001178807279103813	2.833542907112132e-05	0.00018948557875028918	
-7.88243627247573e-05	-1.591861342611329e-05	-0.00013112782605050735	
-0.0003494677141518625	-0.00010653299903927846	-0.0006256046752647084	
0.0004929684355237588	0.00014155963804856486	0.0009094914644733825	
-0.00029125479771970227	9.297431191659141e-06	-0.00040557158377888897	
-0.0006199619744166743	-1.1506097449515447e-05	-0.0009119146244143718	
-0.0004872849209361778	-5.502876863123251e-05	-0.0006346005261625671	
0.0007687074613216898	0.00011019775707481171	0.0010027653916521333	
0.0002058867529068101	3.485026409509599e-05	0.00034006205123084105	
-9.800753169631841e-05	-3.512807129745349e-05	-0.00018449678683326058	
0.00018143463079501858	-1.128094450421913e-05	0.00021149475022603842	
0.0002742025570197627	-2.3629553970344363e-05	0.00029079208493865637	
8.146490496765537e-05	-1.1689086983370897e-05	8.952500383860682e-05	
0.0001656046875811335	-2.1262299192936272e-05	0.00017682374328537338	
0.0008309064025762039	-9.894422020382508e-05	0.0008122738790618944	
8.747339707843537e-06	-9.699684580358976e-07	7.654383063918701e-06	
-0.0008026687288785145	4.6790386623204965e-05	-0.000680486213847248	
-0.00020151337222005234	2.9960602495823412e-05	-0.0001616514851376065	
-0.00017970491224299082	1.1780581041729371e-05	-0.00013821188735194516	
1.1668480708294426e-05	-1.3626930787195322e-06	8.642905323179024e-06	
0.0006689103312769426	-5.639803677284745e-05	0.0007862108437511556	
-0.00044625958749431693	1.9653929340913544e-05	-0.00045758377428292376	
-0.0008157547108947054	7.607846183403919e-05	-0.0007985893819661573	
-0.0005818205944216893	0.00010123869529280301	-0.0005807048914275752	
0.00024280067616635643	-4.6187368155315915e-05	0.00019384511010779462	
0.0008664148169390632	-3.4837754193845816e-05	0.000642988912920221	
